400 975
878 500
224 295
823 158
103 974
204 917
569 868
208 796
954 199
32 110
311 677
198 85
318 463
383 497
779 512
562 75
846 489
427 166
603 859
311 700
723 216
443 705
224 333
260 243
216 584
14 704
452 439
113 708
83 614
729 45
66 121
589 294
387 412
223 377
362 164
412 662
851 368
96 221
711 618
47 723
499 23
50 631
779 560
515 552
288 422
371 922
400 23
527 184
338 923
560 189
28 298
574 780
692 195
926 109
907 698
613 596
154 491
637 879
182 649
967 892
794 115
857 212
932 960
745 615
599 23
114 722
857 217
987 283
457 330
656 307
712 619
484 519
107 947
320 488
728 128
761 131
957 203
881 512
279 742
384 559
612 664
148 712
805 831
965 992
258 382
544 732
490 359
968 901
67 163
464 148
123 479
244 827
933 972
787 379
335 56
428 246
247 739
824 261
340 934
411 783
266 162
282 694
595 209
65 257
478 768
936 906
662 184
976 691
79 856
656 379
20 640
194 367
73 23
878 669
62 370
663 172
381 722
262 316
985 432
215 756
814 620
741 837
664 152
958 256
734 32
270 82
610 810
254 583
931 77
400 156
355 527
685 539
371 33
422 502
888 394
676 822
39 91
760 268
952 461
252 658
679 734
243 939
429 297
372 16
410 888
833 67
89 603
388 550
908 815
813 692
121 641
711 784
179 892
320 620
3 207
874 856
850 577
744 793
920 458
122 622
200 252
435 136
20 713
382 757
857 370
860 280
18 787
989 382
947 660
270 143
571 28
373 23
793 318
366 247
67 300
343 961
918 548
146 929
692 387
274 34
212 935
234 253
456 543
612 828
733 149
250 790
255 636
850 623
913 721
506 28
750 656
254 672
259 517
456 554
618 654
887 508
655 533
816 662
744 847
269 214
14 952
995 237
936 19
641 973
973 922
912 765
326 499
315 841
346 906
95 497
906 957
100 347
232 352
862 279
666 212
320 699
496 364
688 560
22 726
857 444
540 32
988 482
982 668
497 346
974 920
959 362
386 719
790 483
851 644
531 325
609 979
102 312
301 289
214 938
343 13
29 531
177 41
303 234
781 777
771 65
594 433
822 534
666 251
837 71
750 721
767 195
48 980
319 773
51 889
526 500
99 426
173 180
909 917
78 55
322 684
961 332
527 475
907 983
480 909
613 883
86 837
458 569
226 594
667 237
175 132
11 96
699 273
619 706
892 435
656 589
886 627
609 1
697 346
127 608
357 651
98 489
872 48
900 205
954 580
354 749
539 135
379 999
545 978
556 637
390 664
341 136
724 553
549 860
390 669
210 106
862 376
460 553
616 838
923 537
671 158
76 172
112 81
662 441
208 181
587 725
675 45
772 110
382 937
330 502
444 40
488 726
469 291
741 51
310 101
194 633
973 37
653 742
22 849
262 579
70 388
581 932
514 966
423 715
211 121
428 562
418 874
285 902
80 89
321 811
348 998
269 378
508 139
625 609
898 340
199 507
778 991
499 425
462 550
563 492
713 962
492 648
642 95
738 191
931 353
44 203
734 317
270 366
568 347
447 6
390 749
190 805
598 445
43 242
48 88
527 600
201 467
807 115
627 577
638 236
981 869
826 555
923 621
341 231
115 70
860 527
794 526
941 67
887 718
130 635
138 388
792 594
300 488
157 827
54 948
953 728
400 465
914 916
652 847
708 138
193 743
42 305
179 158
195 686
893 553
529 579
306 324
658 678
701 369
732 434
768 345
935 288
664 498
715 967
874 136
752 846
716 940
600 442
372 342
133 584
446 98
51 55
281 94
674 203
658 702
930 464
341 294
181 135
499 519
322 888
874 161
801 377
0 633
398 583
469 431
405 367
328 706
133 608
833 413
140 393
674 224
478 156
35 579
675 197
885 856
347 127
708 200
380 128
282 94
990 675
908 150
587 885
315 103
281 134
712 87
101 596
221 975
403 453
456 861
409 270
670 372
361 735
389 894
750 968
432 587
574 281
845 74
975 142
889 763
206 436
111 310
629 637
543 234
86 66
441 326
384 45
154 8
422 918
390 887
389 921
843 159
789 812
932 476
430 679
321 987
478 217
100 673
599 565
178 305
97 773
830 579
655 884
324 906
823 799
600 544
924 744
302 571
986 873
657 833
461 765
477 271
8 475
971 321
793 720
964 539
750 9
217 149
167 675
832 541
391 902
570 473
61 893
82 242
150 184
828 671
441 385
354 11
234 660
673 363
680 146
118 163
254 43
618 25
486 32
334 649
564 689
792 789
429 780
550 103
489 972
692 824
597 697
278 351
943 217
364 759
357 978
485 83
423 983
19 199
153 142
821 938
187 114
358 961
385 125
830 667
243 433
894 733
624 915
163 870
318 163
520 45
379 321
535 605
574 421
585 81
5 655
342 449
492 925
331 798
320 115
921 941
190 51
659 876
445 343
813 203
863 701
648 201
554 44
858 861
595 825
90 97
600 671
758 895
455 51
901 562
195 944
195 945
570 584
86 230
873 410
665 721
426 963
101 798
483 221
780 231
922 951
927 798
342 502
558 975
102 776
636 607
940 400
215 348
186 224
801 617
319 199
745 307
192 42
165 883
378 428
210 517
741 441
730 783
339 617
485 187
144 519
9 608
271 678
800 663
599 752
107 645
154 214
26 87
250 315
678 361
986 31
962 777
34 881
152 297
747 287
980 235
306 653
959 890
743 421
830 799
50 403
144 563
163 999
172 720
991 932
401 791
294 19
73 728
642 499
18 387
6 760
240 674
456 123
227 57
142 646
205 743
745 390
502 755
735 702
781 303
397 943
543 520
762 902
278 548
519 245
224 176
789 69
981 263
348 432
77 643
81 521
774 542
270 806
663 912
818 203
392 97
58 212
38 839
521 203
385 330
23 288
11 661
373 704
970 629
28 135
81 547
130 52
423 187
241 709
587 227
897 858
121 338
129 90
155 312
765 859
185 408
361 73
533 886
616 362
576 581
93 196
714 401
792 31
788 156
37 909
178 635
927 968
848 347
861 970
924 43
849 322
320 340
511 565
149 524
901 765
334 934
721 201
397 5
441 690
539 730
708 613
26 254
198 46
156 325
25 292
389 274
21 418
827 9
647 472
887 202
742 602
875 578
515 474
264 63
895 982
213 622
848 394
818 300
524 199
234 999
829 986
