6617 6914
8246 5568
9360 3811
8399 836
7669 7085
5663 3734
3483 5783
8826 3987
6232 2484
3383 8888
2496 3623
5524 8063
4070 3986
9733 8665
3422 7695
2387 7012
5527 7984
8906 1552
7076 9129
5575 6507
3430 7472
8647 9589
4945 9657
2878 8201
6677 5125
212 8933
2490 3853
4600 3982
6079 7297
7737 5049
2464 4682
2928 6681
1265 9085
3667 163
4051 4645
1962 3865
2973 5294
3575 3024
7168 6334
9693 9972
3595 2406
3098 1435
9264 6907
8817 4383
1400 4931
6273 1326
3042 3185
3451 6893
7128 7591
7788 3522
8310 3719
2036 1612
1280 8663
3598 2341
1514 1411
2411 6375
4009 5991
9823 5986
9730 8866
2847 9254
5613 5431
3352 9986
2873 8451
3609 2018
9930 2680
8405 796
7874 878
5560 7076
5073 5794
1905 5697
6095 6884
1018 430
5013 7656
1857 7190
2901 7601
9899 3650
3905 9247
764 8314
9458 950
3417 7996
3590 2633
9411 2414
6571 8533
9333 4832
3605 2173
6212 3275
7673 7142
7698 6378
9460 913
6762 2636
2527 2847
5253 267
3017 4047
1856 7269
7733 5309
7161 6661
4598 4194
8433 7
3117 963
1015 590
5100 5027
1503 1853
7279 3025
7772 4124
6179 4355
1469 2911
9922 3011
6090 7118
8238 6073
8432 62
9840 5560
6259 1892
9869 4673
3623 1688
4188 559
7736 5265
5157 3292
6782 2080
5601 5924
6845 128
5649 4442
9442 1545
2419 6270
7735 5314
5111 4744
2504 3643
960 2359
7619 8925
3396 8763
1024 377
8386 1535
6218 3202
6026 9160
8155 8692
7733 5392
7059 9902
4562 5396
3510 5237
7088 9009
8164 8422
4122 2659
9481 373
5015 7742
1004 1017
5036 7102
6176 4534
4063 4502
7875 1019
6610 7466
5787 221
6850 40
9441 1633
3060 2848
4105 3225
1296 8386
4106 3205
2417 6415
7242 4300
1932 5069
8276 5026
2531 2896
1437 4047
9296 6175
3051 3169
7869 1275
2414 6537
4101 3392
3907 9406
2402 6912
1014 787
2877 8573
4103 3337
1315 7843
6245 2470
8430 275
3939 8419
4539 6203
7630 8692
1512 1740
8671 9195
8428 345
4573 5157
5742 1689
1888 6478
6236 2763
505 210
5750 1454
7592 9887
4207 140
2911 7547
8169 8386
2351 8527
237 8527
2387 7415
6052 8490
4125 2688
6246 2473
9894 4083
2597 915
4994 8531
7867 1393
5267 72
3052 3200
7125 8015
1441 3993
4207 172
7692 6830
7381 89
357 4846
7251 4126
7216 5217
5255 477
2020 2460
9721 9489
4089 3861
8273 5236
9856 5316
4545 6112
314 6203
2527 3139
5506 9097
370 4483
1357 6656
2430 6164
7312 2275
5700 3101
7627 8900
1895 6369
309 6384
9864 5088
2079 670
927 3621
5022 7752
725 9888
480 1104
1481 2842
6594 8177
5638 5051
3557 4027
1838 8167
4514 7136
3633 1678
6277 1637
854 5917
8244 6209
9714 9791
4956 9838
8821 4708
8404 1251
7877 1208
8924 1523
981 2001
322 6048
9411 2825
5211 1957
2033 2174
6645 6663
1467 3349
3121 1229
1276 9274
829 6753
1568 231
5651 4730
7317 2236
7147 7511
6269 1965
9199 9445
2390 7529
1354 6878
4115 3206
8749 7007
7287 3189
2973 5848
3120 1300
3559 4074
1043 151
9301 6294
903 4496
807 7474
9331 5383
3512 5547
3641 1552
6641 6857
9442 1948
2998 5107
1905 6225
6601 8107
5191 2662
4982 9151
7365 819
2347 8920
3515 5480
5640 5149
6829 1062
4044 5478
4480 8350
3497 6052
1022 859
9900 4165
9861 5375
261 8071
1564 449
950 3100
963 2698
1043 221
7207 5748
6160 5435
7793 3969
4155 2059
3664 900
5492 9774
5798 285
2459 5495
9931 3236
3069 2974
4598 4732
5507 9321
4593 4884
7153 7450
8344 3298
1516 1981
8857 3784
8939 1244
5769 1213
3109 1761
1920 5852
8215 7332
5214 2068
1532 1535
3048 3692
7382 409
7081 9745
8250 6280
6320 567
6284 1688
5692 3656
7902 681
6776 2819
1826 8818
6547 9922
2415 6950
7213 5669
5220 1915
7208 5829
6045 9113
3120 1488
6110 7105
9211 9283
8157 9190
1996 3577
5269 423
4698 1738
1396 5804
424 3170
8250 6321
8429 773
5700 3458
1941 5300
8134 9931
6810 1824
2529 3467
3385 9698
7678 7685
6183 4893
9306 6379
5072 6563
3000 5266
9944 2993
7664 8143
513 451
7101 9216
1047 286
5229 1719
4582 5396
7860 2081
4637 3699
4479 8594
1350 7291
293 7295
2055 1830
2986 5739
9323 5899
4001 7050
4214 448
5280 173
4124 3242
508 650
6580 9034
5042 7558
1991 3843
1462 3863
8191 8261
8135 9997
6624 7689
5703 3477
3025 4572
6093 7769
9816 7041
4075 4790
3494 6419
9779 8189
3101 2220
7310 2814
6786 2674
7353 1485
1991 3871
2463 5625
6564 9570
769 8988
3442 8045
8722 8203
6757 3584
810 7721
291 7432
9434 2523
856 6305
9375 4365
6242 3184
3467 7286
9194 9983
2432 6612
6666 6432
8947 1250
2025 2845
9949 2957
287 7573
2939 7282
937 3814
4173 1810
6223 3796
1307 8738
1384 6357
9340 5488
6207 4304
8811 5504
9923 3801
7150 7844
8188 8428
4068 5085
8862 3930
4754 201
1887 7162
7221 5649
859 6266
1986 4099
6850 774
1893 6986
9205 9687
1442 4585
1844 8509
7183 6843
762 9289
9283 7285
4670 2837
8902 2720
1541 1541
794 8319
8885 3273
7160 7592
4543 6804
8148 9732
747 9792
1466 3889
1318 8477
3446 8048
7311 2918
7188 6731
7863 2200
4985 9496
8373 2784
2979 6159
2900 8607
4722 1278
1571 659
9867 5626
7717 6745
5809 356
4012 6918
9289 7169
3657 1543
3571 4210
4472 9052
5211 2533
4615 4623
8240 6936
6140 6505
7183 6943
3981 7904
2529 3770
2074 1502
3677 960
8305 4956
7729 6425
3449 8035
4694 2216
885 5610
411 3921
4051 5767
8233 7204
2002 3756
6134 6739
262 8550
1460 4184
9973 2422
9479 1352
8814 5594
305 7226
5023 8427
5280 466
2923 8002
2098 818
1281 9760
8246 6837
9365 4919
5006 8983
8418 1519
5564 8068
9776 8568
2528 3886
4668 3080
6673 6466
9732 9951
8874 3779
9469 1744
6121 7230
4224 499
8389 2454
9449 2372
7411 12
7166 7607
5562 8186
6869 444
6719 5094
1411 5805
8417 1608
5817 294
2112 459
2011 3594
5750 2373
2882 9367
6164 5933
7634 9518
8788 6520
2124 110
7871 2181
1306 9086
6578 9495
5194 3245
1533 2051
1441 4905
3629 2612
3952 8986
4103 4309
308 7265
7853 2750
5167 4094
8704 9142
4047 6052
8339 4068
3982 8069
9954 3168
5292 228
822 7729
3468 7623
3486 7067
1528 2231
5025 8518
4169 2290
7793 4634
6109 7694
2480 5507
4547 6971
2622 1114
7761 5644
5779 1551
7737 6392
5190 3437
6665 6864
1033 1237
1915 6664
997 2358
5790 1235
7678 8243
9411 3669
8899 3167
7901 1339
3692 748
1300 9364
5606 6960
9919 4332
9858 6224
2443 6708
276 8350
1600 75
2631 882
5653 5505
8780 6879
4145 3107
5684 4551
1071 104
2354 9486
1374 7097
2551 3383
4555 6796
3528 5867
8157 9832
1865 8272
8815 5820
1496 3330
2632 885
3418 9289
6679 6512
4111 4205
3560 4901
1292 9675
8777 7022
1814 9879
3550 5217
4604 5314
3709 294
2463 6152
7157 8098
8773 7156
1857 8567
6091 8383
8925 2458
7167 7804
6645 7601
1950 5694
259 8964
4678 3046
7946 48
4025 6912
7767 5605
3175 498
424 3864
6844 1452
373 5453
6066 9193
8388 2747
9528 176
3462 8001
4019 7118
1975 4948
4035 6628
8374 3196
6758 4140
7692 7954
2362 9341
6206 4867
2881 9639
7720 7083
5105 6238
8436 1277
6631 8082
5815 621
9898 5116
1924 6553
2506 4898
7936 414
4077 5352
8176 9354
961 3657
5151 4838
6354 318
4177 2274
6191 5384
4668 3454
6343 679
6254 3444
2441 6958
9481 1716
7304 3665
6883 332
5549 8919
428 3829
1821 9803
1460 4611
8396 2593
1824 9713
3683 1240
4679 3137
1034 1442
7150 8454
5278 950
4479 9340
4473 9524
4491 8967
3682 1281
4183 2141
4096 4835
4068 5710
5051 8002
807 8500
7783 5240
1857 8724
5107 6281
7216 6439
8861 4598
8969 1257
3650 2311
8200 8714
1877 8125
1008 2296
6141 7012
7942 340
7915 1174
8731 8657
1931 6460
9835 7201
6728 5214
4152 3149
2590 2420
7716 7362
351 6298
8202 8674
1871 8333
9771 9199
9462 2395
500 1687
3648 2405
2920 8592
3056 4375
2132 257
4481 9357
799 8816
3582 4466
8953 1814
2042 3062
8213 8367
7903 1594
450 3273
991 2890
809 8539
6887 349
7907 1496
1876 8234
8757 7911
7827 3981
2014 3957
5652 5874
3012 5795
5223 2793
6356 442
9973 2997
6667 7188
8725 8930
6305 2034
505 1609
8369 3594
5046 8306
6195 5454
8871 4427
257 9321
2531 4364
9332 6523
4593 5987
9890 5625
8424 1931
4124 4158
4773 423
6101 8404
6294 2421
3420 9603
2070 2303
8979 1126
9751 9964
982 3273
7359 2195
3624 3294
2572 3138
7187 7532
5784 1871
3611 3701
315 7575
3119 2573
8824 5937
243 9810
3487 7561
5311 176
7375 1726
3973 8889
9857 6707
5632 6617
5027 8989
828 8084
3071 4089
1876 8374
7958 53
8906 3436
9929 4501
9382 5078
7163 8339
7224 6448
7859 3146
2932 8434
9361 5744
6185 5901
2554 3778
5291 855
6767 4259
3168 1150
8273 6731
4209 1645
8461 912
8896 3811
9417 4046
8972 1457
5098 6857
2659 551
6195 5622
7145 8947
5629 6790
9491 1754
880 6559
488 2328
4144 3680
8902 3649
7352 2546
6899 213
1343 8607
2098 1585
5025 9157
5079 7488
4514 8619
8954 2051
5560 8970
8248 7565
6078 9300
6631 8538
4253 346
6161 6732
7810 4765
9404 4513
2015 4193
9415 4168
6617 8989
2124 817
4155 3395
8949 2237
8861 4967
7269 5179
5603 7670
8491 70
6679 7088
8862 4955
8445 1494
329 7336
3612 3867
4693 3130
4498 9175
6611 9209
1486 4244
3178 947
5652 6179
818 8583
8195 9278
5057 8254
3177 997
4790 147
7775 5914
4053 6612
372 6037
9305 7642
9423 3985
3581 4873
2441 7447
2031 3775
7859 3332
529 1187
6796 3525
2504 5510
8829 6049
5032 9064
9953 3970
9964 3642
7649 9871
352 6700
6665 7604
3449 9001
7267 5336
9922 4947
1337 8945
1017 2485
1569 1758
9762 9926
7748 6820
9366 5819
1349 8583
4202 2058
1618 245
6790 3760
2016 4297
7198 7500
386 5679
8981 1374
9772 9628
6905 213
900 6148
9550 141
7343 3028
4195 2313
3626 3567
3641 3110
8979 1479
3700 1290
1547 2502
5826 928
1570 1793
3638 3222
5683 5362
7816 4776
2643 1304
5744 3476
4173 3025
4487 9681
3115 3063
2966 7681
9284 8429
8240 8035
3042 5329
2006 4681
6716 6128
7778 5978
8903 3876
5660 6105
5601 7932
1493 4211
1440 5857
2151 201
558 432
1036 2003
2519 5187
563 288
9323 7252
2061 3005
7742 7118
1485 4479
7691 8705
3551 5972
2145 415
1575 1700
5066 8166
9823 8165
9457 3120
7353 2812
9007 694
8489 368
9550 246
7722 7771
2111 1489
3672 2250
34 340
7426 567
1310 9944
5822 1142
5576 8773
7752 6853
8218 8786
1054 1503
6371 519
7675 9252
4773 915
368 6399
433 4385
8485 544
3592 4768
8746 8833
3443 9390
8959 2233
6253 4206
3027 5911
6200 5856
382 5991
2536 4756
9813 8540
3971 9428
5563 9241
8485 573
8734 9251
8374 4022
5016 9820
7845 4047
4219 1762
6160 7131
6657 8119
373 6313
8468 1126
1044 1901
921 5714
5031 9380
8209 9161
7934 1307
6250 4358
6811 3357
7805 5311
9330 7190
5651 6549
8845 5836
6095 9171
258 9896
1575 1839
6778 4386
349 7079
3197 718
6350 1283
5020 9746
1609 798
3964 9711
9942 4622
3975 9384
8485 645
1478 4874
7321 3965
8224 8743
3470 8666
6213 5559
9773 9891
1037 2176
3192 913
3198 736
2409 8819
7691 8918
6200 5987
2900 9988
9961 4088
3031 5932
5202 4169
5143 6002
6352 1295
955 4767
5170 5173
6075 9892
5166 5301
9542 720
1001 3352
6613 9606
4584 6967
9424 4385
465 3591
5027 9629
2912 9659
4699 3417
2511 5706
407 5396
3576 5462
3584 5217
2427 8319
9390 5453
3110 3536
7365 2707
4685 3867
6637 8894
8370 4321
306 8553
2600 2984
1894 8486
8735 9407
2439 7981
365 6739
2118 1557
4732 2446
7171 8755
2552 4494
5860 254
4521 8996
2414 8781
3113 3496
7384 2168
9870 7028
6712 6624
1852 9832
7726 7961
8989 1585
424 4953
522 1916
4513 9270
4529 8774
6351 1445
5663 6388
8966 2296
7961 701
2940 8897
6367 966
7966 556
5232 3389
8775 8241
455 4022
3969 9776
1917 7854
7860 3850
9945 4745
5286 1727
2984 7554
3194 1045
6202 6102
4022 8151
1623 602
7342 3540
1632 334
3588 5238
4596 6756
5626 7600
963 4696
6757 5310
7970 474
5828 1349
1550 2895
3517 7459
4279 219
5731 4364
6253 4575
6750 5550
2071 3146
4595 6825
5216 3956
448 4310
9422 4651
7979 226
6886 1345
13 1426
7457 43
9870 7161
9874 7040
7155 9409
4263 764
2560 4406
2393 9585
1992 5632
2483 6797
5065 8673
9796 9470
4640 5468
887 7127
6395 223
7405 1687
8875 5266
4186 3173
393 6073
974 4455
4688 4013
8886 4942
3976 9700
9966 4241
8372 4506
4053 7317
8414 3204
6870 1923
3516 7591
8493 758
2447 7966
3214 573
943 5440
1481 5150
388 6266
6175 7097
1869 9515
3491 8388
3994 9178
9876 7059
9901 6284
5050 9220
4191 3078
4151 4324
1869 9529
6278 3923
7403 1819
4743 2358
3118 3586
890 7117
5582 9124
9362 6627
5272 2348
2174 85
6378 834
2064 3498
3448 9746
8265 7887
3717 1417
8906 4394
1371 8607
2416 8982
1890 8905
1559 2786
500 2850
2616 2789
7768 6925
7267 6076
2161 528
8386 4166
8278 7509
8930 3694
2683 740
2705 61
9515 1941
2934 9353
10 1697
4158 4181
2074 3251
1398 7824
8370 4684
1352 9258
2136 1339
36 907
5870 280
424 5266
970 4724
7736 7974
3747 560
866 7956
9306 8464
3691 2303
399 6050
2077 3184
17 1512
302 9062
401 5994
5723 4850
990 4121
7686 9537
6173 7294
3114 3822
8742 9574
1962 6770
6807 4033
2596 3499
2664 1400
4814 288
5163 5851
1596 1742
8243 8686
8228 9159
9503 2400
9520 1883
2074 3332
7859 4218
1944 7366
3614 4747
6875 1958
1555 3043
2026 4827
7 1882
4512 9683
5056 9203
4793 987
8313 6557
1557 2997
329 8298
3645 3806
7990 187
8899 4781
1009 3618
3457 9656
3103 4248
4634 5948
3990 9532
577 652
1093 1042
3982 9792
1570 2645
6840 3117
1338 9839
5112 7537
9885 7033
6237 5429
2564 4606
2580 4115
7964 1051
7931 2074
1639 521
5626 7998
9519 2007
3229 396
5093 8148
6300 3500
6301 3475
2074 3438
3451 9903
8741 9748
6337 2357
3568 6278
9411 5365
4140 4937
2115 2177
8914 4395
9383 6253
6868 2291
471 3994
855 8480
6670 8438
3116 3929
9974 4325
9798 9783
4774 1689
7422 1526
8237 9043
6380 1074
9404 5628
991 4292
5578 9549
6652 9032
5866 629
4008 9076
3138 3281
9930 5733
8486 1341
4811 584
8987 2196
9557 911
3670 3192
3656 3627
410 5952
4508 9989
4031 8393
7743 8007
5195 5079
516 2682
2125 1965
5131 7082
2527 5891
4158 4482
6930 475
5115 7593
8743 9808
4278 776
434 5255
9931 5766
1935 7881
7238 7344
5175 5758
2640 2436
5156 6362
8256 8561
8820 7471
5655 7278
9446 4446
4645 5827
4156 4600
8852 6484
8389 4453
2126 2008
4088 6727
2590 4018
7846 4924
3651 3897
5650 7468
5823 2103
1593 2163
9805 9735
8318 6689
2450 8375
3690 2708
8860 6276
409 6122
933 6263
2041 4682
8829 7245
1551 3491
5784 3345
5059 9434
6717 7195
874 8102
7195 8759
6178 7518
9931 5867
5623 8347
6124 9205
1358 9495
6111 9606
580 848
8992 2216
8368 5178
3653 3893
6166 7911
1087 1519
6419 66
1928 8220
2501 6841
9442 4660
9968 4747
7856 4684
5852 1271
2487 7286
2514 6449
5632 8095
4014 9115
4257 1581
353 7926
1651 460
9810 9679
1352 9730
7434 1409
4306 88
9916 6409
9956 5163
2455 8322
5637 7985
4198 3442
2149 1430
5170 6085
4160 4634
2664 1857
8954 3481
1627 1252
2623 3145
2642 2557
9856 8296
2573 4700
9926 6139
3234 601
7455 828
3656 3910
1001 4294
6730 6917
6791 5032
7728 8756
8375 5092
3557 6993
6792 5013
8227 9676
4138 5366
1879 9863
9882 7534
8879 5859
1600 2129
6263 5035
7806 6360
2548 5515
4791 1518
1544 3877
8910 4903
6397 899
1924 8490
3466 9839
5731 5164
4143 5240
8852 6720
2686 1255
2968 8900
7795 6719
1115 809
2019 5556
7984 868
3647 4244
6701 7878
29 1722
3773 347
5156 6629
8795 8512
7958 1686
1038 3217
1616 1685
4267 1436
9018 1609
4620 6880
3717 2106
7305 5570
5812 2702
9484 3557
33 1631
2002 6127
7222 8152
8767 9411
4300 428
6779 5505
2537 5936
7913 3134
3556 7127
7989 783
6186 7521
6146 8761
555 1861
1132 361
4128 5787
4261 1665
4728 3577
6736 6873
8313 7143
4697 4551
7395 2832
5346 828
1934 8300
7946 2155
5602 9281
4559 8855
7167 9926
7794 6883
9999 4067
7340 4572
2595 4213
1978 6963
4112 6349
1466 6455
8824 7730
530 2707
2566 5127
9888 7520
3145 3566
5135 7414
9916 6660
1081 2022
7170 9869
1909 9122
3073 5813
5115 8049
6419 390
2173 950
5184 5915
1144 87
5587 9812
2586 4541
3531 8018
553 2034
5157 6770
6263 5255
918 7119
6392 1271
6874 2718
9029 1458
4629 6780
937 6547
6143 8998
9970 5056
5160 6711
7268 6906
9405 6197
6415 586
2947 9794
6194 7442
21 2203
3740 1603
6772 5922
1528 4643
5132 7607
5341 1129
847 9374
5278 3092
6380 1696
8444 3246
5372 182
6346 2758
5236 4400
4786 1971
3636 4853
2661 2313
8239 9614
4092 7103
5247 4072
2072 4198
586 1112
6328 3338
7991 938
4684 5157
576 1435
9952 5688
8398 4711
7990 984
2439 9229
1101 1554
5070 9590
56 1187
2165 1346
9324 8802
6721 7574
7295 6166
1486 6025
4614 7366
4544 9536
437 5786
899 7850
5784 3874
6910 1735
20 2332
5344 1134
4096 7054
3618 5487
9392 6723
325 9268
7837 5774
6394 1354
601 719
4558 9127
4568 8817
8461 2826
4643 6490
9000 2498
8984 3004
372 7830
1092 1894
6856 3437
9948 5892
5323 1817
7419 2376
3107 4974
4648 6356
5202 5571
8801 8695
6666 9342
473 4723
310 9776
3604 5968
3154 3533
1465 6747
7998 835
6309 4041
8001 741
9866 8459
4113 6587
8332 6873
2541 6170
9483 3963
8509 1400
6138 9362
7758 8300
7283 6652
5267 3616
846 9593
4592 8155
3735 1957
89 297
1114 1292
7890 4229
7208 8994
7735 9040
7192 9493
6890 2471
9539 2279
7412 2682
8820 8179
1926 8909
7414 2622
2188 802
8544 377
6387 1711
2549 6008
8909 5453
7976 1613
2993 8632
850 9531
8493 1979
7493 211
7272 7065
4550 9531
4698 4943
1470 6706
2483 8074
8899 5793
9610 129
3167 3258
9473 4378
3762 1202
4683 5422
9885 7999
4617 7474
3732 2143
5624 9030
8494 1986
7450 1577
7817 6584
3269 129
3573 7088
6831 4394
8810 8590
7844 5764
1927 8970
597 1050
1367 9948
9858 8878
5601 9771
6775 6142
2011 6377
2479 8259
8465 2913
2188 899
1381 9534
591 1263
6162 8787
898 8131
5340 1500
5699 6759
7840 5929
9086 69
1143 547
6714 8073
6446 4
4648 6590
7227 8560
922 7412
9876 8366
902 8038
4224 3360
4837 741
4070 8134
3630 5394
5868 1553
2187 974
9475 4419
8520 1256
1090 2215
4859 68
9061 881
9338 8678
2137 2530
7493 332
3664 4349
8867 6893
7989 1351
9979 5199
620 414
2156 1949
7501 99
1664 820
8364 6119
2984 9055
6407 1248
6284 5060
4757 3251
5739 5577
9582 1137
3255 662
8326 7306
7911 3782
8486 2348
17 2739
1576 3564
3184 2867
5372 576
4838 751
2502 7632
3805 6
65 1259
9338 8707
3586 6801
6892 2625
8280 8745
6433 468
2978 9274
3626 5575
1996 6956
2017 6305
7872 5033
588 1464
1670 692
8940 4703
1939 8738
5676 7579
4851 386
3107 5302
9834 9754
5735 5757
7808 7031
7203 9413
966 6150
9856 9094
9946 6304
6327 3805
3539 8310
69 1195
5695 7014
3160 3683
4834 944
4592 8443
5722 6182
6410 1243
4609 7920
6329 3752
1620 2281
4195 4374
1934 8931
1685 268
3684 3841
2548 6291
6177 8480
5143 7773
7970 2055
1074 2839
3757 1587
8535 933
1105 1892
9544 2436
8457 3366
2189 1065
1906 9838
561 2381
3762 1455
5758 5120
6388 1971
5305 2783
317 9954
9473 4652
9418 6360
7357 4708
3259 679
542 2985
2440 9683
6133 9895
4752 3558
3203 2425
7402 3325
3606 6324
9501 3811
2219 179
8902 6000
4326 407
2564 5875
8562 167
8287 8693
3648 5046
9887 8252
7942 3012
6688 9121
4626 7508
9303 9980
1380 9832
2168 1790
9378 7652
2490 8194
373 8292
5218 5555
3787 762
5148 7726
3769 1322
1688 298
1961 8218
7294 6733
7808 7190
485 4826
7485 822
4276 1999
5618 9550
1118 1598
6259 6068
538 3200
5648 8628
1036 4150
7403 3389
5612 9758
8430 4317
8857 7465
2478 8609
6925 1824
1427 8425
1492 6412
4614 7936
4707 5061
7866 5435
1069 3157
8526 1371
8961 4266
3699 3552
3622 5939
78 1118
6268 5835
883 8934
3562 7806
5813 3563
1115 1746
1928 9318
7215 9258
7794 7693
9417 6541
8847 7828
6449 244
4298 1395
4211 4100
3727 2721
5740 5851
7459 1715
6863 3812
4030 9713
1039 4142
6705 8730
960 6602
5234 5183
9555 2311
9535 2932
7346 5250
5634 9175
4201 4446
9546 2588
9489 4364
2046 5718
5334 2096
8011 1033
3136 4699
3800 504
6207 7813
5366 1121
1086 2735
3547 8366
9335 9160
5137 8234
9031 2206
2729 965
6696 9060
5142 8085
7254 8161
6819 5262
3208 2517
9451 5599
2078 4781
2492 8334
2646 3561
9893 8289
2731 935
6914 2333
8462 3506
4193 4774
3137 4741
1622 2554
2450 9655
4847 886
6193 8317
857 9895
9570 1941
8847 7970
4748 3965
14 3264
3283 231
2150 2588
9615 554
7398 3741
4773 3202
938 7398
8899 6365
3592 7050
5840 2901
7257 8127
1395 9630
3072 6795
8849 7930
4071 8595
5281 3859
4791 2665
6730 8095
6694 9211
9563 2188
8859 7628
7286 7247
1008 5259
3746 2302
3205 2691
8530 1452
73 1482
2644 3701
6310 4741
9934 7085
9947 6682
7316 6327
5800 4182
5105 9343
1604 3184
3656 5110
7411 3397
6238 6992
4561 9825
955 6926
2485 8655
3780 1278
9899 8208
2234 62
2659 3271
5395 377
6457 221
7476 1406
6370 2922
1688 610
5116 9033
563 2718
8471 3327
9511 3857
6374 2808
5407 14
6890 3193
3784 1182
8800 9521
9842 9988
4775 3231
2714 1589
5284 3845
9559 2397
5620 9817
3032 8126
5689 7677
6902 2852
5178 7141
3184 3423
4648 7191
8883 6978
9104 127
9904 8096
3131 5075
2085 4732
2720 1433
5391 551
5910 852
5927 323
8382 6145
9099 302
1388 9967
5703 7275
5158 7792
8872 7344
989 5964
5690 7692
3753 2200
393 8058
1181 14
3708 3600
1478 7193
5228 5637
7449 2321
5662 8566
8945 5103
5747 5931
4607 8517
5109 9336
1597 3524
4321 1012
3765 1867
2032 6438
4204 4640
5194 6723
112 423
3263 1047
8901 6499
3268 895
947 7311
5929 339
7283 7515
2076 5098
1549 5054
4128 7027
431 6949
7239 8898
2753 517
4324 970
3218 2488
2656 3526
2039 6270
9477 5074
7388 4292
373 8769
7240 8884
436 6817
1454 8028
9970 6184
956 7087
3030 8330
8908 6332
910 8515
6874 3853
7363 5089
4191 5115
540 3611
1494 6810
3740 2721
6359 3456
4325 977
7806 7753
4743 4408
1154 978
5128 8855
2485 8875
6260 6536
7474 1680
7243 8840
4128 7102
1644 2186
4807 2440
5238 5462
4145 6582
7389 4320
8407 5529
3667 5018
4079 8634
9855 9800
919 8297
7464 2013
4608 8627
2716 1746
3549 8694
936 7780
9091 742
4171 5806
1678 1173
6973 868
1492 6942
6738 8153
8031 845
620 1207
376 8772
3115 5791
5104 9668
4750 4267
7475 1716
353 9505
8338 7734
3709 3775
9612 1003
1525 5949
6787 6668
8457 4054
2685 2758
4877 347
4184 5449
7251 8674
4039 9948
8353 7283
35 3001
4133 7039
5178 7414
8802 9768
2496 8644
2226 631
3190 3522
5318 3092
4271 2788
5873 2278
9980 6030
3771 1907
1643 2340
6426 1527
8544 1401
7832 7097
9564 2562
1509 6509
577 2635
8414 5447
6963 1285
527 4193
8494 2974
7976 2652
9594 1653
3107 6138
646 510
1629 2806
7423 3418
2145 3200
6255 6863
3288 537
1105 2683
516 4562
5233 5789
5865 2581
3097 6473
4672 6802
4263 3097
8559 1002
3295 344
1575 4516
7832 7155
5717 7191
4278 2648
4158 6365
9532 3618
8411 5601
10 3884
7868 6049
9627 669
4288 2346
7778 8848
4636 7946
8348 7558
6980 822
7234 9330
1147 1422
9065 1722
454 6527
7367 5214
5332 2764
1560 5012
1028 5121
8285 9536
6726 8730
8518 2328
5760 5914
2757 703
3097 6546
8551 1313
7908 4870
4609 8838
20 3640
6947 1895
3092 6716
5826 3882
7378 4927
7783 8754
944 7775
5136 8897
7252 8838
9027 2964
8517 2400
5128 9151
4605 8987
1471 7838
9485 5165
2025 7059
2101 4706
9507 4502
6180 9338
491 5472
6458 718
996 6209
595 2259
5729 6945
5760 5987
8811 9709
3227 2597
6466 496
6481 30
4810 2677
6365 3625
556 3482
7259 8684
8466 4039
8368 7078
1552 5378
6887 3835
9079 1426
7449 2800
4743 4770
6732 8647
6170 9692
2097 4880
3102 6496
7404 4210
6693 9867
6949 1930
6277 6377
9982 6208
1698 872
8834 9037
5826 3980
4050 9884
2774 289
2468 9780
1648 2431
1606 3734
3589 7804
7397 4444
2031 6955
2535 7717
7413 3959
4843 1717
5242 5730
8853 8476
3137 5452
3095 6758
5157 8375
5299 3970
6699 9729
1610 3646
3210 3201
6924 2756
3613 7098
7844 7013
7001 383
8828 9288
9079 1508
7959 3460
2237 625
6303 5652
6861 4738
7231 9652
7385 4882
484 5822
4710 5890
4250 3766
2759 839
3693 4659
3176 4303
370 9371
603 2154
2509 8604
3206 3386
361 9663
1429 9326
9906 8681
6254 7216
5666 9065
44 3127
4730 5319
8022 1570
9610 1491
2718 2158
7925 4581
5774 5735
6880 4217
6372 3581
4785 3627
8532 2161
9458 6224
8499 3179
9463 6065
1721 321
8579 719
2138 3781
6335 4750
4085 8965
1167 1122
7877 6113
8866 8220
1030 5382
9946 7525
8997 4177
3543 9406
1080 3843
8311 9055
3530 9816
2724 2034
8029 1417
9070 1911
2077 5713
6188 9345
6945 2260
1080 3856
9921 8317
3172 4543
7249 9239
5242 5920
5375 1800
8879 7862
5687 8514
4256 3730
5831 4054
7761 9761
1084 3758
5764 6136
5684 8626
5948 439
612 2020
2241 681
1165 1270
3616 7213
511 5165
2170 2889
6249 7513
6957 1957
2233 946
9658 158
5891 2242
4305 2262
5303 4090
2678 3547
6348 4473
4294 2609
3583 8271
8831 9426
3815 1086
1160 1473
3132 5878
38 3490
97 1664
5895 2153
1692 1373
7538 375
9455 6480
7500 1562
890 9861
4265 3540
965 7538
8001 2417
2589 6350
920 8944
5430 206
6202 9041
8056 725
5125 9665
4211 5236
9046 2809
2051 6658
9001 4206
6771 7794
5856 3396
2050 6698
9118 585
9647 571
6196 9245
2584 6532
9469 6085
3618 7248
1206 99
2725 2162
7971 3374
4646 8151
416 8211
7934 4530
6928 2953
3021 9380
8840 9221
4667 7507
3732 3725
955 7894
3202 3776
5697 8348
6276 6790
7769 9658
2793 72
6887 4237
4708 6258
2265 72
4844 2044
5293 4512
5125 9720
3092 7209
1172 1195
4716 6024
5435 128
5134 9460
483 6184
408 8511
2492 9443
9524 4445
6230 8257
6960 2018
9545 3805
3274 1593
1667 2264
3792 1934
1673 2089
6937 2744
8829 9628
2609 5844
380 9409
9921 8547
3832 705
6223 8508
6876 4649
1545 6078
4126 7986
2741 1772
3143 5696
6217 8711
9627 1300
387 9216
2640 4909
8351 8089
3851 138
7855 7087
8551 1896
4860 1631
6411 2712
5120 9969
1200 422
8439 5385
5266 5446
5236 6380
4789 3853
1587 4814
2687 3485
3095 7223
5409 1024
3575 8731
5806 5109
4074 9658
3240 2745
9593 2408
7259 9230
998 6717
5855 3609
6966 1940
8528 2666
4326 1864
7422 4191
2554 7651
1560 5702
1067 4606
38 3740
3775 2582
4811 3240
9083 1874
6367 4154
9039 3241
8955 5855
9645 857
4272 3575
5753 6822
4149 7392
4759 4866
1729 496
477 6546
7270 8957
446 7514
4162 7009
4668 7714
2191 2583
4845 2231
7262 9222
7245 9749
7981 3327
2711 2854
6361 4393
1963 9667
8847 9259
4363 802
7252 9547
7335 6980
4164 6975
6430 2272
1710 1135
8473 4479
9478 6087
8316 9352
3678 5672
1127 2833
5658 9830
4878 1242
5918 1775
37 3861
4126 8182
138 740
6999 1048
9382 9094
4799 3715
6922 3443
1734 432
94 2121
9480 6063
7461 3120
1433 9767
5229 6786
543 4595
5681 9162
5296 4715
9476 6205
8372 7661
1623 3893
4724 6074
5251 6119
6309 6095
1099 3762
2506 9298
8958 5898
3589 8492
6995 1215
3333 52
9663 437
1614 4193
6394 3476
5277 5336
7992 3097
582 3433
6803 7192
4206 5784
6779 7940
3227 3365
6487 612
4380 391
406 8900
2135 4455
3816 1495
8539 2544
6441 2046
6876 4950
1548 6279
5832 4554
2105 5400
2153 3912
7491 2276
6477 950
7839 7878
3629 7318
6824 6582
4707 6670
4878 1369
5956 723
1636 3578
3137 6203
2209 2203
2093 5798
4902 643
5182 8347
985 7380
8924 7041
8068 810
9906 9364
3309 886
1086 4267
7018 603
9966 7518
3135 6298
6257 7827
6768 8371
1554 6169
6888 4657
1161 1976
5881 3115
5362 2823
6932 3305
3146 5984
8030 2034
4904 635
5738 7550
1705 1507
3106 7230
4321 2332
2031 7791
6999 1241
6927 3470
4380 511
3665 6299
1501 7851
5831 4707
6454 1786
5175 8673
6876 5098
3826 1344
3731 4289
3651 6770
4323 2322
9583 3109
5249 6391
2045 7408
4227 5303
71 3070
1968 9802
5923 1883
4221 5498
503 6067
2667 4523
6266 7643
5859 3880
6238 8515
8552 2314
1140 2715
7437 4119
8866 8973
4183 6686
911 9817
5377 2445
3098 7565
4888 1228
9426 8015
5852 4116
1550 6409
4811 3628
3711 4961
1669 2728
4153 7653
7251 9925
3192 4679
2647 5190
5182 8531
5351 3293
3111 7211
1645 3506
5730 7941
2792 720
7327 7592
6244 8406
5786 6220
2106 5612
1589 5255
3572 9320
6247 8316
972 8000
2037 7764
6242 8481
9145 409
7291 8735
73 3118
6919 3882
2648 5220
85 2752
8849 9605
6899 4515
6356 4970
6751 9106
3290 1711
9440 7675
5766 6877
6786 8032
3686 5828
4173 7113
5314 4510
120 1688
4907 747
2655 5029
2812 161
4705 7016
9921 9167
9000 4945
2798 604
1697 1975
1099 4135
447 7963
5216 7585
9515 5390
8960 6212
52 3829
622 2545
7001 1405
7794 9590
8915 7605
5204 7966
8336 9183
6867 5577
3342 161
3688 5819
3680 6072
9621 2130
2120 5286
2188 3177
1723 1209
3250 3030
6815 7204
3209 4306
4367 1175
9108 1660
1187 1459
940 9116
3041 9525
3751 3901
5795 6071
2224 2088
2224 2087
8581 1631
9685 184
5693 9244
169 268
9082 2503
136 1298
6460 1866
9102 1878
936 9271
8510 3857
3865 392
3805 2257
2692 3991
8553 2533
8406 7090
3304 1409
7315 8145
6965 2614
1581 5677
626 2514
1463 9341
9913 9540
7878 7087
5822 5285
1582 5656
2066 7040
8414 6855
9406 8881
4294 3512
2573 7710
5880 3500
3849 931
5326 4299
8453 5662
1655 3413
3742 4253
986 7771
5803 5905
7291 8933
7017 1040
19 4991
6984 2069
1024 6605
1553 6597
6416 3300
7346 7242
7335 7593
5178 8922
6913 4294
2203 2849
7299 8716
9028 4268
5773 6878
3308 1372
2017 8629
9530 5110
6207 9816
8874 9059
6831 6865
1706 1900
4629 9594
2746 2432
7394 5803
7788 9977
1694 2283
7047 185
6864 5858
4290 3730
7846 8181
9548 4573
83 3080
9924 9302
971 8321
1551 6726
3338 484
9410 8870
3595 8910
5681 9783
2119 5517
3865 549
6902 4710
8501 4292
1131 3397
8516 3842
3605 8626
1613 4843
3750 4133
8063 1513
26 4901
118 2059
9615 2560
4271 4393
1652 3662
3180 5448
9120 1527
7829 8786
3185 5297
7280 9425
8595 1429
8448 5995
3342 440
9048 3782
6971 2626
7954 4928
5801 6134
4867 2318
3114 7512
1530 7466
6738 9864
1017 6989
5907 2864
6415 3500
5390 2505
3101 7931
6762 9125
134 1607
5939 1874
8580 1924
9385 9748
185 37
3227 4043
8521 3768
6454 2318
1608 5091
7916 6152
9004 5207
9644 1762
5748 7844
3664 6916
7052 193
4338 2408
5766 7292
1087 4883
1011 7244
4364 1609
514 6270
5848 4756
8036 2467
6750 9570
9928 9363
8510 4170
2714 3619
9435 8258
5461 387
3593 9140
8981 5949
5904 3035
1728 1421
7883 7222
3574 9734
6309 6868
9681 642
2219 2594
6304 7032
98 2812
3754 4169
5969 1043
646 2219
32 4873
66 3821
1075 5312
4311 3302
3595 9116
7392 6100
4707 7415
4737 6490
3646 7544
4709 7357
554 5096
6283 7724
3811 2438
4101 9832
7010 1579
944 9403
9563 4366
3804 2670
3816 2304
9136 1229
7802 9809
7290 9297
8872 9407
3805 2648
3698 5965
5848 4851
9419 8836
4935 398
5875 4031
1188 1875
7804 9771
8585 1945
1600 5493
3056 9510
9919 9755
7518 2268
1630 4570
3707 5723
4308 3476
9079 3043
4670 8653
7965 4819
7923 6121
6434 3128
6277 7996
964 8862
405 9807
6933 4050
6824 7428
4833 3618
7840 8705
2794 1292
4937 393
6820 7561
7866 7906
8981 6109
4408 420
1679 3101
2263 1383
6919 4505
3328 1140
6479 1773
7998 3835
3175 5893
7063 51
3155 6512
2274 1057
1622 4887
2796 1266
644 2441
8946 7229
579 4471
7448 4523
8057 2032
4926 796
3068 9242
114 2512
7911 6568
983 8344
5375 3262
3345 661
6832 7251
8535 3614
9112 2113
6799 8289
6819 7668
7306 8954
609 3571
4160 8181
7322 8461
5312 5241
7364 7163
8589 1958
111 2637
477 7677
7047 620
410 9764
7487 3366
6380 4922
4126 9257
5240 7495
2310 24
1126 3962
4180 7592
1465 9842
970 8806
2713 3927
500 6995
8894 8931
640 2660
52 4510
5353 4026
1031 6935
5869 4413
8358 9188
9925 9757
3112 7975
1752 987
6512 886
7025 1366
538 5858
4294 4112
7053 509
2 6102
3227 4433
6383 4907
9097 2699
4245 5657
5225 8051
8908 8565
4861 2952
7973 4790
475 7855
7935 5971
8338 9869
6378 5099
8408 7704
6758 9707
4203 6993
6298 7582
3087 8824
3093 8641
7974 4786
1020 7377
5854 4977
5841 5381
3805 2965
5273 6611
4224 6362
628 3150
5365 3762
3157 6674
4162 8291
4753 6355
1111 4571
9098 2732
7419 5635
8576 2537
9510 6351
600 4039
3692 6491
3287 2662
6482 1923
5785 7151
3084 8961
2150 5150
6859 6629
2810 1073
653 2409
8450 6469
1468 9916
9022 5124
7296 9478
9466 7739
3623 8652
1080 5571
2573 8441
6781 9065
9059 3989
2049 8310
2714 4081
7307 9155
9081 3312
2768 2413
5817 6202
23 5596
3166 6468
2784 1925
8554 3276
8869 9895
2175 4424
2835 361
627 3281
7939 5988
568 5113
2111 6447
8373 8936
6481 2052
5444 1438
5749 8367
3664 7468
8943 7657
8508 4758
7600 146
3136 7455
2529 9888
1613 5518
8004 4007
664 2175
2765 2581
3895 318
1080 5665
4837 3890
1495 9188
1026 7345
717 542
3663 7523
8955 7307
420 9752
9963 8829
7425 5593
2236 2622
2068 7829
6269 8668
8979 6592
2212 3373
7357 7723
6370 5549
3785 3766
2273 1489
5805 6687
8514 4632
8627 1122
8434 7107
8389 8503
4305 4042
7593 419
4430 168
6838 7438
6437 3484
4902 1923
9142 1552
4853 3447
1740 1646
3696 6547
967 9228
7935 6210
5324 5241
6529 661
6813 8241
4935 926
5478 477
5229 8200
5709 9711
2818 1027
5972 1561
9543 5543
6888 5933
3761 4566
8062 2312
1104 5015
1637 4882
7860 8582
520 6745
8384 8721
6766 9736
7544 2002
5717 9485
4677 8964
3622 8904
6802 8625
9479 7559
7080 11
5469 807
3644 8232
9648 2328
2166 4904
6301 7789
6500 1626
8525 4392
729 305
6473 2464
6765 9807
9658 2045
4790 5496
1522 8498
8932 8165
4802 5132
8481 5773
8603 1992
5383 3507
1175 2887
1709 2722
8957 7416
9036 4964
8922 8500
7029 1655
5847 5526
2548 9494
7334 8581
4874 2931
1512 8848
1102 5174
6992 2808
4813 4821
3598 9722
7554 1780
7886 7871
2063 8160
8569 3087
8574 2936
9522 6327
7322 8985
565 5464
2562 9095
9553 5372
4426 469
4786 5694
5796 7157
3597 9788
5805 6891
4763 6422
4325 3626
590 4723
7016 2124
6240 9795
1785 448
1719 2494
8611 1840
7078 205
972 9277
5296 6310
8417 7859
687 1737
700 1336
5826 6272
6498 1823
7879 8162
3093 9080
2298 967
4298 4508
6415 4420
5799 7137
7437 5514
3298 2749
4228 6693
4309 4180
1561 7450
1176 3004
8502 5272
7520 2954
8482 5901
3266 3754
8570 3169
2101 7105
9410 9899
1176 3014
3258 4014
709 1113
5287 6656
8504 5237
2837 690
2609 7760
4944 914
8513 4966
5371 4063
2097 7256
1265 281
4815 4926
9586 4482
7889 7941
8125 624
703 1336
5826 6362
7497 3717
5934 3018
2687 5375
4196 7748
5393 3417
3332 1773
2147 5742
5908 3840
4816 4934
3746 5333
7911 7297
1647 4872
6373 5826
5790 7513
4282 5109
2197 4213
9525 6427
8928 8544
4917 1823
4894 2539
8448 7047
7924 6914
1217 1836
3876 1328
5421 2589
9560 5354
1122 4792
2217 3621
1113 5077
174 1418
5281 6940
176 1357
5359 4528
4705 8417
6310 7820
7405 6640
3262 4006
9170 1086
8443 7239
2309 783
988 8967
7383 7332
5973 1893
6989 3169
6545 548
447 9365
7572 1484
7970 5529
4855 3797
6381 5647
8423 7883
7602 562
37 5703
2645 6777
732 543
2607 7959
7358 8136
1590 6720
1049 7110
4256 5996
484 8242
9659 2350
3867 1677
1216 1938
5949 2674
9448 8888
694 1743
9178 888
8936 8390
612 4288
1178 3128
4432 565
8991 6688
7349 8441
531 6809
5912 3841
4820 4929
4737 7503
1114 5126
599 4708
4400 1564
7846 9425
2655 6510
5446 1909
740 342
8920 8904
8381 9230
2057 8675
1195 2634
2184 4745
3253 4374
6283 8746
9457 8668
6418 4571
3288 3295
5957 2480
5789 7689
184 1222
5924 3507
3083 9662
6418 4583
3196 6164
6854 7454
3171 6940
5723 9752
3602 9967
8971 7376
3804 3711
9492 7615
7436 5814
3148 7671
1198 2588
2668 6173
1150 4080
7860 9059
8141 355
8386 9138
6448 3684
8131 662
4306 4556
2331 242
2051 8925
196 893
3199 6109
9678 1873
1127 4809
1797 428
4734 7687
1568 7529
6440 3956
5864 5434
9188 697
3240 4858
5957 2549
6520 1479
8112 1285
7579 1427
1726 2649
4683 9292
2239 3138
6348 6831
6437 4079
8118 1118
9509 7149
2319 666
3653 8471
1077 6409
5458 1675
6289 8681
7897 7989
7019 2449
7551 2338
8008 4562
3375 727
8935 8597
2098 7547
700 1736
3715 6579
1660 4747
8420 8184
4783 6241
2727 4441
3884 1344
4780 6338
6984 3547
6815 8786
8441 7540
6294 8558
2759 3456
498 8014
1499 9752
1742 2223
4418 1186
5773 8339
6255 9779
6407 5073
1772 1306
2681 5897
1544 8376
5251 8156
4250 6419
2708 5072
3724 6345
3698 7154
6900 6199
1775 1240
9013 6243
5241 8489
3682 7670
9510 7224
6431 4376
1092 6047
1221 2048
3720 6503
7087 430
4435 729
3314 2709
9138 2387
6987 3534
7898 8061
113 3643
3084 9845
3087 9754
7568 1916
5473 1324
9476 8313
7944 6648
7935 6932
6255 9859
5769 8541
8520 5188
6376 6113
5479 1156
4976 366
1122 5151
7003 3062
5358 4911
9423 9972
4269 5901
1135 4753
3374 879
1246 1314
7615 489
4411 1508
1033 7923
1045 7558
7396 7288
8416 8434
8926 9017
1165 3848
8601 2705
9557 5850
8153 216
3861 2201
7008 2954
7453 5541
161 2219
5939 3329
45 5817
1499 9896
2122 6969
151 2537
2188 4927
1262 867
7330 9366
9584 5036
3277 3943
1628 5910
6482 2894
9965 9619
9036 5644
3785 4590
5351 5200
8640 1548
5227 9048
1498 9962
4799 5937
6563 403
4286 5459
5350 5245
2184 5089
5376 4443
176 1807
4346 3609
533 7128
7056 1524
1280 360
3127 8638
1269 702
3838 2987
7431 6297
8133 916
7472 5030
6793 9694
1105 5804
2318 970
3364 1311
7900 8151
7948 6663
8449 7524
5213 9533
517 7656
7923 7449
1150 4419
1774 1467
1099 6013
4852 4359
3852 2596
4969 742
8410 8754
4320 4475
5424 3019
2207 4449
1293 18
7040 2090
8375 9859
6919 5840
2306 1392
36 6226
4434 967
4246 6796
2225 3910
6378 6244
1581 7494
10 7043
5318 6337
7062 1425
3254 4787
2120 7176
8643 1575
6500 2468
9110 3484
8985 7354
4209 7956
2844 1124
1180 3556
599 5186
6889 6807
3173 7312
181 1767
1057 7386
9672 2469
516 7777
4198 8327
4943 1616
3661 8598
8569 3905
7056 1663
1261 1088
9457 9154
7991 5455
2037 9806
4382 2652
1127 5253
9580 5359
5399 3897
3900 1213
5401 3838
4188 8674
699 2144
9148 2365
2210 4458
7032 2434
7851 9810
4347 3752
1184 3501
8415 8722
6865 7616
5926 3964
8596 3110
3107 9435
3883 1763
239 39
9160 2021
5836 6756
7617 701
2858 779
5421 3250
1003 9136
1539 8907
4230 7416
3115 9212
3685 7928
9482 8444
1134 5094
8448 7742
1081 6741
8913 9706
6914 6146
8509 5852
4725 8478
7852 9849
4160 9611
2206 4658
4685 9733
2132 6957
3190 6930
7435 6406
4969 933
4409 1909
9558 6128
6380 6351
5370 4900
7993 5509
583 5846
226 536
2116 7484
5879 5520
1720 3375
9977 9564
4256 6688
4331 4368
3357 1796
4892 3369
112 4092
4272 6206
7377 8262
2794 2880
7460 5693
635 4275
540 7222
2868 592
3765 5557
1223 2443
5416 3537
7598 1432
7874 9258
9679 2461
3251 5119
175 2170
5494 1132
5834 6973
3230 5779
8564 4262
2108 7795
90 4818
2688 6202
1790 1279
3226 5918
3375 1300
31 6663
1284 589
8609 2890
1542 8986
6031 898
1055 7701
6909 6459
6536 1636
7622 744
4349 3903
1119 5728
3406 367
6364 6980
2751 4305
9005 7043
4305 5286
1009 9158
4291 5724
1024 8697
4701 9397
9022 6520
684 2863
9018 6652
3148 8404
7602 1404
3135 8806
9113 3718
2886 143
214 1059
8467 7368
8508 6091
4888 3628
4209 8299
3790 4908
6830 8969
7858 9869
6866 7857
3835 3519
4725 8697
1560 8512
1208 3045
7911 8252
3816 4125
1291 482
2095 8331
993 9726
1192 3561
7058 1943
1117 5891
6373 6792
768 327
5323 6581
7585 1992
9663 3113
1761 2319
4445 1033
9233 68
5293 7520
9626 4278
5842 6895
3338 2597
2574 9897
9095 4352
3827 3826
5952 3488
586 5997
1125 5673
4314 5120
616 5069
1658 5536
2348 535
529 7776
7498 4732
1163 4508
9194 1311
1537 9300
509 8401
4222 7992
2169 6098
8011 5218
4763 7603
4267 6601
126 3898
9706 1827
3321 3158
8415 9081
4948 1877
7903 8575
8009 5288
9213 735
9531 7270
4398 2552
7544 3327
8664 1375
9086 4689
3733 6791
5333 6340
6935 5837
5380 4887
8546 5056
9620 4523
3704 7706
3850 3179
2349 561
7536 3606
5890 5482
6894 7129
7580 2254
5840 7049
9018 6838
562 6826
8118 1971
7483 5272
4813 6123
3296 3997
5327 6580
6583 411
3331 2920
9542 6991
7340 9720
2067 9345
1082 7114
2803 2914
9173 2058
2854 1335
2636 8098
8591 3713
3314 3468
1108 6317
8951 8948
7961 6873
5955 3529
1769 2224
2280 2767
5476 1998
4875 4242
5933 4213
7909 8492
5761 9548
6317 8696
7483 5323
1291 668
72 5691
2793 3260
2295 2314
7580 2326
2772 3917
6060 298
594 5903
6936 5913
4313 5311
9100 4366
9587 5653
1765 2381
3948 246
2581 9855
1584 7994
8578 4172
7388 8300
2811 2735
3411 518
5419 3807
3815 4399
4415 2184
689 3002
5354 5842
1268 1438
5449 2902
5941 4036
8522 5952
5770 9344
6564 1117
2699 6242
7046 2569
5317 7017
9080 5056
5838 7264
3664 9122
83 5447
3211 6785
6484 3624
5817 7922
3243 5794
8615 3105
15 7566
6532 2149
6522 2457
7482 5465
8468 7670
1561 8811
7903 8825
9994 9541
8097 2815
4358 4039
613 5446
3241 5905
7038 2892
610 5550
2273 3150
8710 218
1732 3540
5431 3564
9704 2168
8940 9469
2249 3902
6487 3607
4402 2705
3130 9371
6453 4667
736 1670
9139 3326
7053 2454
2651 7844
4203 8883
657 4123
2261 3552
6319 8828
8075 3542
7937 7827
2837 2085
6422 5637
4791 7052
5815 8076
5226 9955
9151 2971
3346 2701
6352 7820
8004 5770
8422 9189
2323 1654
4457 1037
3768 6016
2876 902
6812 9956
3415 577
9483 9081
3209 6962
700 2822
2218 4918
3740 6892
3167 8270
5774 9379
8154 1135
2185 5948
8955 9068
3120 9736
2810 2963
5346 6271
2173 6329
712 2467
5515 1033
7501 5005
5479 2162
3358 2382
3242 5978
6886 7704
5485 1983
5497 1609
3747 6710
6930 6341
9560 6741
6875 8050
4363 4003
7920 8434
4402 2812
4990 968
3431 149
3178 7993
9661 3635
9153 2993
515 8634
7962 7154
1821 920
669 3866
19 7633
6981 4807
4924 3038
3258 5532
3867 3041
6029 1552
8145 1492
1797 1678
1018 9454
4869 4766
3158 8653
7075 1914
6827 9602
2237 4441
4783 7436
7597 2123
5416 4202
9702 2407
3346 2843
3809 4874
5466 2664
6956 5625
2740 5252
8525 6145
5255 9207
5411 4376
1663 5874
4207 8930
4320 5434
3146 9061
4903 3746
1049 8540
6920 6773
2830 2494
8438 8873
6934 6343
3952 484
4866 4920
3137 9369
6431 5559
6421 5880
1807 1462
8939 9751
2161 6874
3950 570
3426 432
6844 9159
9248 170
6363 7693
8051 4517
9165 2749
2726 5755
4258 7414
1663 5942
6318 9094
9680 3176
8188 279
2903 276
6821 9896
8108 2776
3204 7347
4914 3497
6862 8645
9128 3942
4227 8417
107 5066
1778 2422
1616 7445
716 2579
7603 2081
5978 3304
2282 3189
5473 2573
7355 9772
9510 8506
3342 3106
1549 9541
13 8006
484 9790
671 3996
8037 5024
7996 6302
211 1881
3892 2460
5306 7780
6555 1826
219 1637
9622 5054
1028 9330
1775 2570
7416 7925
4887 4402
2294 2867
3673 9275
7600 2224
1315 453
3743 7106
8972 8846
5488 2167
6427 5827
3911 1905
3282 5022
5853 7247
8031 5263
4754 8550
3430 447
1855 122
1618 7469
1301 913
1099 7179
9506 8705
6881 8166
4361 4364
2628 8940
9253 177
1218 3500
3287 4900
7467 6397
637 5136
2793 3839
4730 9326
4745 8877
5537 715
6972 5379
5254 9489
6882 8178
2720 6129
7124 682
5913 5458
5522 1196
1062 8383
5322 7400
7656 585
5772 9841
2195 6039
4393 3439
5515 1423
7918 8853
7111 1108
2308 2543
8467 8220
3886 2779
3336 3449
5847 7537
7 8354
6430 5851
1327 204
177 3086
9067 6030
5771 9898
6941 6407
8722 350
9219 1328
9158 3219
4359 4532
6437 5658
2794 3901
6509 3426
1651 6568
2799 3748
9628 5048
9258 134
1219 3581
4858 5464
1298 1134
9485 9478
1627 7324
2345 1451
127 4676
6927 6870
4998 1140
6429 5933
4823 6572
7535 4418
1836 871
1028 9541
4268 7410
3357 2883
4966 2153
2745 5470
3212 7377
3322 3969
666 4389
2659 8147
3859 3717
201 2429
4264 7547
5811 8748
2373 636
8439 9205
2801 3756
1329 239
2871 1592
1261 2351
2244 4648
7111 1227
194 2671
9739 1696
6446 5476
1316 663
1174 5066
2866 1769
6083 352
275 176
4200 9572
5931 5072
100 5614
5790 9457
263 573
8492 7614
2722 6271
8187 694
6084 358
1242 3007
7094 1827
112 5277
8733 178
1181 4913
8149 1896
4344 5169
741 2172
6362 8148
1678 5896
9569 7032
196 2688
7476 6384
4505 189
5493 2334
7418 8195
3209 7602
503 9573
2330 2091
7585 3034
8686 1675
4795 7602
7088 2055
5265 9423
7063 2836
1167 5391
5550 590
6018 2471
2333 2016
7600 2585
9604 6001
5335 7262
6556 2184
5294 8541
8191 655
9597 6227
8584 4855
8440 9327
8201 362
3793 5939
5463 3318
8969 9321
4853 5854
6915 7466
3751 7255
1585 8867
248 1163
80 6374
6325 9384
1234 3369
211 2314
9571 7070
9196 2314
4347 5174
8058 4825
8028 5759
8466 8573
8666 2375
5465 3296
2167 7235
548 8273
9581 6775
1330 417
4443 2224
6337 9047
3946 1252
5875 6987
3195 8151
7943 8424
9074 6130
5263 9591
4818 7008
7148 313
9035 7348
1865 250
9532 8338
8127 2741
6068 1031
2833 3015
1200 4490
6589 1273
2888 1317
1771 3178
5019 797
2132 8374
224 1988
8735 289
3785 6289
4376 4354
286 70
7492 6066
8522 6899
5952 4651
8618 3923
2829 3162
1117 7088
8051 5128
582 7291
2856 2333
9007 8266
3366 2910
2744 5809
4301 6699
8514 7162
7384 9432
5455 3695
2135 8315
1755 3711
4759 8896
4477 1254
9141 4129
7154 187
9529 8480
1808 2078
7401 8922
84 6377
1719 4847
6904 7952
645 5374
6439 5982
7439 7761
700 3676
5351 6957
3281 5593
4432 2681
1841 1082
5893 6545
3780 6516
9061 6651
3235 7031
7494 6073
1798 2429
6933 7086
9786 567
7459 7168
4331 5830
6311 9986
148 4434
4253 8252
529 9014
1299 1529
82 6488
4493 817
1102 7639
1123 6992
2144 8109
2277 3989
7403 8923
2103 9391
1304 1398
1625 7832
2304 3178
5014 1086
4309 6560
1324 795
7434 7994
1330 615
3400 1982
1238 3477
8961 9829
6517 3670
758 1978
2775 4991
3263 6249
8636 3524
4793 7975
7542 4683
5927 5601
6892 8451
3693 9321
7087 2412
3337 3975
1259 2856
8545 6372
1286 2028
5042 278
3885 3380
3435 949
6989 5460
782 1272
9600 6439
5001 1562
6877 8942
8136 2681
2100 9574
9115 5105
5958 4667
1830 1561
114 5608
2269 4341
2682 7926
5000 1605
3984 332
6952 6628
4390 4129
3683 9669
8617 4175
7055 3449
6389 7710
3695 9311
2349 1884
7105 1906
6325 9701
7000 5166
5952 4883
186 3409
1790 2839
8749 106
5573 263
3928 2103
42 7882
4297 7051
8512 7461
812 399
1094 8044
6487 4707
3330 4272
1075 8641
2264 4552
3261 6413
9633 5495
8038 5781
2358 1639
6437 6260
7674 692
4342 5679
8113 3473
7656 1260
2675 8219
7453 7559
9789 678
2409 88
8116 3395
2665 8538
710 3609
1154 6229
3228 7471
8089 4237
8580 5417
789 1176
9566 7616
4311 6688
1586 9245
5990 3794
6583 1800
5922 5905
1182 5392
6589 1618
9165 3691
5550 1062
269 936
2133 8691
1102 7883
1724 4987
7996 7165
5382 6280
1341 481
5907 6393
6871 9275
4410 3645
7500 6160
5836 8597
1140 6715
1808 2392
1590 9153
692 4224
4917 4323
7538 4991
3680 9901
2768 5407
1071 8865
154 4526
7529 5277
7096 2326
9776 1159
1842 1372
4410 3685
2732 6556
202 3065
8494 8157
7911 9852
3166 9492
8485 8448
7394 9500
4903 4798
3727 8492
1859 871
8506 7813
5307 8676
609 6856
4941 3639
4383 4554
6479 5114
5518 2143
3190 8776
7569 4102
1677 6529
1597 9011
9143 4468
9212 2323
5344 7551
630 6231
4876 5679
2656 8967
3822 5589
4233 9233
2887 1808
2202 6664
5883 7239
6452 5989
9255 1017
6910 8184
9174 3540
7017 4869
8116 3568
1777 3472
6872 9367
8061 5289
8725 1097
8519 7491
7619 2618
9152 4254
1131 7143
1828 1922
248 1751
7502 6259
2681 8252
200 3248
7388 9797
3368 3346
204 3132
4794 8302
1794 3001
3364 3486
8644 3649
4979 2576
8725 1133
3280 6091
9169 3762
4834 7088
1202 4993
8137 3001
7605 3108
5958 5017
222 2614
3455 696
6872 9462
3470 236
8623 4329
38 8331
3751 7919
3322 4838
7495 6546
8549 6639
4913 4669
2220 6236
4526 285
5440 4727
2822 3968
4900 5093
2944 192
2270 4704
2267 4798
727 3388
2390 991
9163 4020
7632 2338
4856 6473
9258 1086
6101 647
5516 2403
5441 4734
3223 7955
6638 393
7988 7700
6119 103
7081 3054
3947 1905
3443 1149
9106 5829
3434 1434
6477 5405
5526 2118
127 5651
4956 3413
5951 5340
4516 672
5322 8459
9787 1120
9206 2748
2316 3344
9146 4601
2344 2476
5504 2819
3392 2759
4369 5246
682 4858
117 5995
1756 4339
7629 2503
5825 9274
2105 9904
6363 8989
8615 4715
9813 345
1124 7559
8760 217
9158 4274
9232 1981
6536 3632
5438 4902
7667 1348
5285 9652
3924 2693
2803 4679
9037 8031
9561 8183
7078 3235
1153 6687
241 2194
7159 726
9051 7613
6952 7147
2720 7269
2314 3474
3215 8317
7009 5388
8196 1364
7026 4865
7921 9888
134 5528
6948 7294
2885 2174
7174 295
8065 5441
7005 5538
4940 4016
4856 6631
2169 8012
3841 5338
6512 4460
5891 7332
3406 2449
6576 2490
8019 6908
1719 5602
8999 9306
4832 7421
5430 5271
5037 1069
4945 3924
4901 5288
7489 6987
4853 6784
762 2541
152 5069
1269 3215
3201 8858
9738 2817
1122 7774
6087 1325
8142 3155
1858 1350
9760 2145
6901 8863
2221 6484
7469 7638
2853 3279
9248 1646
3484 103
8550 6895
7061 3910
8511 8111
1605 9211
8497 8558
5848 8752
1841 1899
4787 8875
1105 8334
6626 1028
1087 8900
725 3742
3264 6953
6006 3870
4364 5625
7177 347
6398 8111
8631 4422
7689 863
3193 9168
3887 4041
7455 8118
5424 5548
9094 6473
8217 890
1311 1987
4531 480
9614 6741
1156 6800
5322 8725
2211 6868
6951 7388
8490 8827
3330 4954
2954 230
8739 1115
1230 4524
2728 7240
6056 2378
7623 2950
8094 4739
4412 4198
2640 9982
1204 5361
4467 2516
1850 1722
9024 8709
1357 622
8637 4318
9107 6133
7542 5503
9558 8541
9200 3256
7444 8544
5565 1256
9563 8388
2219 6683
9574 8060
1785 3759
9098 6437
1088 8984
2368 2074
2721 7515
1876 942
2119 9792
6115 608
158 5052
3382 3418
2202 7229
2146 8965
5317 8968
9124 5638
9531 9413
9076 7134
549 9335
5568 1200
3328 5112
5505 3164
4335 6667
8075 5421
1178 6234
9640 6062
9242 2009
2159 8598
4291 8048
9691 4496
131 5941
619 7205
1354 805
5026 1667
7177 531
4517 1069
7616 3309
8474 9474
7134 1867
5029 1588
9044 8197
3982 1286
7995 7957
9744 2894
4801 8670
1741 5225
6419 7662
4929 4704
7413 9626
5578 979
9205 3229
6487 5570
1374 237
3962 1929
8158 2926
9759 2453
170 4798
9059 7775
4325 7071
4366 5801
1331 1584
3469 843
2329 3414
4873 6472
6066 2262
6391 8575
7473 7804
8199 1689
5579 988
5887 7823
635 6798
5063 604
6053 2680
8538 7564
7165 982
9558 8717
9264 1449
5323 8935
3189 9562
9056 7906
8144 3415
7563 5048
5824 9804
11 9785
643 6578
7621 3252
4511 1365
8017 7365
9605 7293
9218 2919
6029 3478
8625 4926
9618 6913
6664 187
6397 8471
8119 4241
1776 4264
7615 3493
2171 8414
3290 6498
3199 9321
647 6514
7073 3919
3968 1870
9712 4025
1208 5510
4336 6849
8137 3707
7651 2389
6046 2991
7047 4728
2677 9126
9263 1568
5349 8222
1716 6155
5824 9879
5351 8158
756 3151
8521 8193
7011 5860
9807 1107
1315 2217
2665 9523
4409 4614
2424 612
7159 1288
2398 1421
8108 4635
7083 3642
2864 3364
8640 4528
1840 2346
845 423
9538 9465
5422 5996
9775 2119
5348 8293
7944 9738
2878 2944
7631 3061
3389 3489
7136 2021
6372 9320
9004 9655
1294 2905
4471 2722
7017 5717
6038 3298
6488 5731
204 3935
571 8944
4547 381
6670 102
5910 7281
4016 461
61 8381
8192 2080
8188 2203
5983 5032
5919 7014
3872 4937
3953 2429
5531 2663
5315 9362
2865 3394
4833 7926
575 8853
7606 3886
606 7898
5824 9986
3771 8092
7429 9380
5378 7431
4272 8950
4483 2416
2706 8349
4938 4696
7011 5968
2914 1905
1095 9144
4971 3675
4004 890
3247 7972
4022 333
5888 8026
693 5230
9598 7708
4838 7814
7998 8166
9577 8375
3463 1296
7685 1484
5492 3938
7574 4936
3780 7860
3896 4263
2930 1441
5949 6157
6024 3835
3735 9263
2837 4332
5951 6102
2823 4770
8758 1008
8071 5926
791 2237
1683 7358
3234 8434
9249 2192
6046 3186
9692 4863
7085 3762
1193 6190
5533 2721
2303 4548
2335 3558
3941 2935
6078 2235
5563 1818
9151 5290
2824 4819
6657 691
4261 9428
1741 5634
9756 2926
229 3356
5076 558
799 2072
4407 4911
7497 7424
6582 3028
8122 4446
2329 3806
287 1574
7427 9611
3205 9424
7461 8564
7477 8074
4859 7311
8498 9197
1365 943
4785 9615
7049 4965
1074 9969
337 51
9563 8954
3341 5232
7488 7754
6921 8945
2705 8571
9241 2562
7473 8220
2976 173
8640 4820
6988 6876
7603 4201
8229 1183
4017 680
9609 7559
9810 1321
9071 7859
3949 2800
5455 5267
9536 9838
9848 166
1833 2868
7146 2006
1706 6808
7181 927
100 7443
8089 5549
7440 9283
2135 9902
7150 1897
8172 2990
6986 6990
4318 7778
2135 9918
1295 3192
580 8974
1906 638
4309 8067
3391 3754
4014 829
7952 9828
3987 1672
7734 207
5954 6239
7060 4722
91 7767
567 9399
1182 6718
7485 7932
5393 7252
4967 4075
1754 5376
7201 362
6960 7832
6387 9211
7110 3182
9671 5710
7688 1655
7681 1879
6444 7457
753 3653
8072 6140
6900 9703
3891 4680
8154 3603
1782 4527
4424 4549
7626 3590
9236 2839
8232 1193
3227 8900
2406 1583
7677 2027
9191 4241
5509 3702
2948 1173
5479 4637
2147 9627
8496 9421
3218 9196
8266 161
5016 2611
9259 2158
9709 4590
6596 2791
4982 3688
4376 6090
205 4318
717 4832
125 6801
4007 1153
5903 7914
6557 4031
1109 9076
5483 4554
6074 2623
8544 7968
9129 6217
581 9066
6657 939
727 4544
2725 8143
8180 2893
8127 4541
6099 1871
1395 241
4837 8231
4877 6991
7607 4279
7495 7757
7205 367
4433 4383
1148 7915
8589 6627
7105 3478
5083 622
4457 3658
1859 2277
9768 2856
3358 4964
1226 5521
3465 1648
9095 7348
9859 48
1930 85
3354 5097
7981 9116
6451 7400
9140 5964
7469 8627
2799 5938
6589 3136
9717 4480
8070 6386
8798 207
2304 4918
8517 8919
3961 2713
6962 7986
8062 6660
2930 1914
1676 8020
7149 2202
2837 4812
2894 3066
2836 4866
848 959
7622 3964
3213 9571
2373 2844
7958 9934
3961 2772
2223 7500
7067 4790
4403 5464
6063 3157
1724 6594
713 5172
9164 5333
1684 7843
8148 4069
6491 6283
7168 1679
288 1971
4345 7279
7521 7130
9099 7368
3914 4263
8594 6636
2989 172
7539 6578
680 6222
3411 3483
7744 232
6688 200
155 6120
6088 2424
8501 9540
5079 942
8180 3116
8198 2564
1842 2993
4313 8319
4354 7052
829 1639
8208 2269
7635 3647
6541 4799
1678 8094
100 7867
3245 8677
6502 6015
3940 3518
5865 9380
7148 2376
2750 7646
9753 3550
1266 4501
115 7415
9804 1965
7721 1005
4329 7858
5893 8527
3917 4248
2217 7799
6094 2298
4828 8782
6489 6442
7459 9139
4966 4506
8587 6941
5495 4491
7740 438
9172 5200
8016 8264
2165 9426
5960 6474
175 5587
6956 8368
868 492
8627 5729
4470 3523
5413 7059
1746 6046
9739 4020
96 8045
8734 2408
6080 2769
4437 4551
9126 6650
1341 2223
589 9152
5031 2528
7551 6329
714 5282
8571 7480
7077 4643
2867 4080
8652 4977
2809 5884
7568 5811
7644 3460
7617 4296
6554 4487
2927 2237
4986 3942
181 5443
4305 8669
2691 9556
5420 6876
3882 5405
758 3948
6123 1477
824 1904
747 4291
9750 3732
1817 3894
1107 9524
9861 299
329 879
8705 3372
9125 6738
5880 9029
7437 9914
2695 9463
6581 3686
5967 6338
828 1815
6574 3915
6924 9449
4801 9730
2168 9431
2452 630
1140 8538
4872 7537
1294 3766
5853 9895
6691 302
8554 8096
4009 1534
4936 5564
6566 4192
6954 8547
807 2498
8732 2581
3898 4985
8546 8355
8145 4411
3950 3382
847 1274
2950 1620
1855 2796
1271 4527
4812 9443
2262 6578
273 2705
8664 4739
1915 964
1401 516
1832 3541
8535 8736
3368 5079
6574 4001
6431 8449
5413 7241
9313 1036
3300 7215
106 7928
9310 1133
1837 3424
8521 9210
1275 4468
821 2164
9308 1215
1208 6554
2365 3456
2785 6823
8021 8344
8199 2831
670 6855
4864 7917
6503 6259
7137 2995
4370 6852
8815 133
6649 1742
6653 1616
9253 2952
3749 9735
1699 7750
1102 9874
1739 6511
9721 4826
6019 4902
9223 3881
2215 8142
3360 5424
4478 3540
9203 4526
4447 4504
9583 9130
3752 9663
4335 7977
1838 3463
7170 2020
7223 375
260 3239
4012 1618
9644 7263
6611 2981
9594 8809
9223 3928
5598 1618
5933 7621
2193 8876
4401 5964
1288 4168
654 7442
8213 2490
8027 8256
7655 3404
4567 835
5439 6576
9782 3019
7708 1772
5898 8729
9200 4672
9720 4949
5057 2041
1758 6011
7069 5208
9335 506
4929 6016
7703 1948
3279 8023
7021 6709
6679 933
3419 3691
1723 7118
2879 4051
8168 3933
3957 3403
4891 7220
5451 6244
9737 4453
8636 5817
9804 2371
2865 4494
9721 4955
8541 8776
1280 4489
5437 6692
1149 8554
4564 1001
8659 5135
2976 1079
3973 2944
9245 3349
180 5842
3346 6003
5048 2401
7017 6900
4378 6796
3457 2578
9870 381
8132 5113
1822 4114
658 7432
8293 126
6088 2946
5095 959
8287 310
1952 91
829 2137
7166 2306
4812 9750
9343 365
9136 6786
2174 9627
8531 9165
7075 5154
9265 2802
291 2473
3360 5640
1756 6214
8618 6481
9120 7303
3456 2670
606 9099
5989 6065
841 1819
332 1223
4386 6621
4895 7230
6595 3687
2349 4249
204 5207
8808 626
1833 3866
2399 2707
5508 4633
4404 6099
3423 3747
2776 7420
58 9761
4841 8946
2213 8494
5555 3198
5443 6677
5376 8756
6130 1771
690 6572
1275 4826
84 8981
5646 403
4988 4418
3311 7250
1373 1793
1695 8197
5538 3767
4319 8789
5977 6540
5340 9907
2461 857
6075 3510
7242 101
4388 6659
9324 1105
4528 2323
5048 2593
6090 3060
4954 5509
3902 5356
5468 5965
9578 9630
1746 6663
1757 6327
4301 9386
6032 4877
3308 7401
3815 8074
7704 2204
2950 2123
9795 2927
1189 7566
4857 8548
3459 2740
3924 4717
3264 8793
8619 6626
8727 3290
7478 9240
5413 7719
9343 580
6631 2726
3870 6404
1814 4604
5586 2364
8803 944
6460 8036
775 4052
6591 3985
4530 2339
8243 1923
7106 4401
1340 2927
3910 5177
6507 6590
7745 987
2800 6823
7017 7168
1221 6624
9758 4117
612 9119
4526 2476
3959 3671
2912 3359
183 6040
3346 6291
8819 469
8765 2152
9834 1782
7645 4102
5594 2145
6699 665
9738 4755
7169 2476
99 8660
8771 1970
2399 2899
3491 1819
2918 3200
2930 2832
242 4243
9617 8529
3901 5508
3985 2904
9767 3892
8183 3844
6041 4712
9616 8582
9330 1057
3277 8480
9088 8562
5507 4893
3451 3090
8703 4118
4921 6682
7112 4295
8665 5316
5490 5436
2894 3992
8833 104
5454 6553
9351 433
218 5033
4891 7626
2811 6574
2350 4483
778 4064
5446 6815
9172 6000
6030 5094
1805 5002
6010 5722
322 1829
8100 6472
8189 3712
2378 3631
8610 7044
8833 142
4560 1533
1144 9125
5112 804
1248 5903
7468 9692
7023 7102
2785 7410
714 6078
3833 7696
5622 1390
7132 3735
140 7503
2237 8033
2434 1928
9611 8813
2187 9591
7143 3413
3492 1907
8742 2997
3843 7417
100 8769
6524 6238
888 728
8577 8134
3451 3198
9649 7676
8680 4955
6602 3843
3307 7685
1847 3793
8178 4142
2821 6371
7035 6811
9763 4163
1379 1932
2286 6585
256 3981
3851 7227
5030 3445
1745 6981
4908 7231
9753 4491
2394 3249
812 3142
3924 4976
852 1904
9613 8838
9709 5863
6039 4950
7530 7887
9268 3157
867 1456
3287 8356
1743 7069
8262 1597
9718 5627
5901 9264
3788 9233
6657 2219
6544 5720
3502 1722
5570 3151
4852 9029
2393 3337
5944 7943
3368 5882
2752 8601
8831 375
279 3349
7089 5228
1791 5630
8614 7122
2392 3391
1878 2942
3827 8061
8207 3356
2344 4885
833 2576
8002 9714
2328 5387
5533 4346
3248 9645
5036 3371
6600 4046
9598 9417
7601 5786
9661 7467
5045 3107
7202 1774
4535 2531
5936 8261
8107 6494
824 2895
7646 4411
4079 298
9875 856
1692 8766
619 9261
5883 9915
8686 4941
7520 8324
8293 745
1196 7766
2400 3212
9878 765
4559 1819
6004 6180
5612 1958
2358 4530
695 6930
9076 9261
3338 6924
376 443
5142 159
131 8045
3814 8568
2980 1656
7575 6673
9708 6087
3918 5358
6701 1005
2255 7760
3832 8025
3938 4741
1155 9096
5976 7100
2503 76
8221 3053
2917 3638
1402 1455
632 8944
4547 2269
6084 3778
7560 7172
767 4764
1294 4812
8311 279
807 3529
2905 4032
6634 3122
8250 2184
2800 7311
6557 5532
6460 8539
8535 9750
8242 2460
176 6743
9151 7052
1836 4440
7201 1965
5098 1627
3935 4911
4325 9204
1172 8646
3319 7624
4032 1915
5651 881
6947 9861
5047 3224
2486 694
6460 8577
1859 3757
6593 4461
6201 238
294 3130
4618 158
7030 7310
6193 494
2726 9666
2296 6615
207 5841
6626 3464
4994 4904
719 6358
8049 8509
2439 2197
8028 9164
8208 3589
4353 8410
4978 5418
3346 6864
7034 7221
3821 8522
8704 4613
1930 1614
8734 3678
1815 5186
9632 8616
2361 4644
6715 744
5547 4186
4624 38
4361 8191
1323 4068
342 1716
9888 707
6948 9924
5577 3273
726 6208
7695 3164
9788 3812
9888 713
1786 6123
9838 2275
7705 2863
2349 5058
9136 7650
4425 6250
4050 1492
7030 7420
9768 4457
7484 9727
9768 4467
6430 9644
3271 9266
7124 4518
5442 7505
8171 4833
6443 9249
6501 7449
1883 3154
8064 8151
1759 7001
5512 5353
1332 3864
6634 3346
9595 9864
8057 8384
6423 9892
5973 7459
5516 5240
9095 8984
1796 5882
4868 8955
166 7267
3993 3318
7695 3247
6196 576
2227 8930
3889 6563
4838 9919
7150 3781
5410 8575
9670 7594
7541 8054
3856 7599
5986 7110
5109 1534
7223 1534
5113 1415
5599 2731
9273 3534
7099 5386
8835 722
3917 5728
6174 1306
5064 2961
4906 7864
6954 9909
9166 6881
2209 9552
3417 4874
8175 4841
708 6941
4612 604
7592 6531
4415 6720
5110 1563
7602 6230
7174 3114
5946 8414
3536 1210
4332 9305
623 9594
6137 2502
4507 3878
309 2947
5099 1920
4447 5751
5544 4517
1441 636
4394 7400
6213 163
6640 3309
7000 8531
1163 9259
3890 6641
2291 7058
8293 1221
6138 2496
5999 6809
4047 1786
1419 1336
6117 3153
1895 2966
1738 7833
5945 8491
6451 9190
5412 8632
2755 9083
788 4526
4966 6087
1928 1959
366 1231
4997 5124
4573 1891
4450 5702
5125 1161
5056 3303
3872 7242
8097 7336
6496 7815
8559 9398
7787 570
4362 8455
3834 8441
7620 5764
7796 307
9229 5036
624 9651
7544 8124
3932 5415
8849 442
9915 164
3903 6316
6959 9888
2460 1899
8223 3476
8724 4336
137 8387
9244 4602
7736 2198
8129 6398
883 1650
929 227
805 4072
9774 4557
4549 2703
4337 9272
1897 2997
8093 7529
9371 677
2376 4535
8838 826
9911 340
8278 1812
3351 7099
4554 2577
2416 3325
872 2039
3262 9872
7783 798
5958 8227
7793 492
2267 7963
4349 8959
2305 6787
6652 3105
1215 7817
1194 8471
1161 9496
7659 4669
6743 296
260 4667
7023 8009
9129 8261
299 3461
2227 9230
9624 9296
5044 3823
6623 4027
1276 5950
745 6029
7194 2724
8764 3208
4857 9638
5568 3980
686 7871
9310 2676
932 248
1770 7039
7189 2895
7742 2135
939 40
8745 3820
5070 3053
8828 1244
9175 6873
3492 2827
252 4966
3887 6970
316 2984
3850 8117
2844 6539
6130 2977
4401 7435
8810 1830
3824 8940
5151 584
5438 8069
8808 1903
4436 6367
928 429
2946 3412
7635 5512
9716 6544
8091 7763
7177 3328
2926 4042
4350 9051
3385 6203
7219 2034
3000 1758
9620 9526
7183 3154
9154 7597
2324 6334
4621 661
9803 3860
7525 8951
9921 212
5145 811
1444 854
8133 6484
8743 3959
9650 8612
7699 3558
7524 8988
176 7413
7627 5807
6636 3769
6595 5045
327 2743
3381 6372
5026 4529
3438 4607
1371 3150
3972 4442
2935 3820
8095 7704
6587 5298
9207 6000
5112 1876
3973 4427
4906 8269
9239 5016
5506 6054
7160 3936
4882 9025
5443 8019
98 9879
5947 8789
1781 6863
8137 6439
1754 7701
6622 4251
1213 8089
2808 7795
358 1827
2933 3929
283 4159
2401 4039
5511 5935
6144 2703
942 128
407 329
9880 1582
7711 3284
1993 320
2403 3997
3359 7128
2338 6013
826 3736
8300 1415
7566 7791
8249 3001
4421 6986
5392 9651
9892 1232
242 5470
7496 9976
7231 1807
6491 8362
8646 7096
831 3606
3358 7194
8785 2794
1976 891
5035 4369
4055 1980
7766 1636
8792 2592
100 9904
7046 7575
6496 8240
4103 509
6181 1634
6507 7917
2435 3074
6726 1126
7749 2187
1386 2829
6142 2850
3992 3965
693 7934
349 2214
9696 7367
9322 2578
3584 237
2886 5491
9893 1274
9630 9422
7029 8136
1378 3099
2400 4185
6991 9318
9390 486
9740 6032
7675 4507
6646 3637
4042 2448
1875 4090
4008 3505
2270 8235
1783 6950
2383 4734
2412 3837
5913 9996
7004 8944
9631 9436
4009 3492
1916 2842
2852 6598
8341 276
5145 1053
8214 4224
8190 4972
2296 7459
6513 7810
7743 2447
6007 7110
5990 7638
4484 5175
6218 573
1198 8739
9304 3220
8608 8413
1779 7118
8224 3931
1303 5495
7677 4516
2348 5880
1412 2132
196 7062
2253 8832
4477 5427
2415 3814
9931 201
4378 8511
2428 3428
8149 6302
8239 3512
4614 1197
5618 2846
7104 5941
7262 1041
1311 5302
9278 4091
404 656
3498 3048
3506 2802
8619 8152
4913 8351
5088 2933
1920 2837
5042 4358
5035 4580
1272 6545
1269 6638
691 8173
3332 8223
4588 2062
6996 9338
4619 1104
3853 8464
6693 2344
5941 9276
254 5354
3952 5403
4456 6163
8306 1508
9694 7629
5050 4143
8126 7091
6015 6999
7272 804
7526 9313
8676 6440
4115 370
5579 4138
1177 9530
5661 1603
5702 329
5981 8065
5408 9444
5524 5848
4393 8146
4455 6225
8242 3513
9098 9746
1868 4505
301 3931
7089 6496
5510 6298
7557 8380
4584 2254
8135 6858
4873 9682
8347 291
5172 412
732 6982
4532 3874
3923 6369
1312 5389
9826 3606
737 6833
5146 1226
8348 277
8203 4777
9879 1966
2228 9780
2415 3983
1472 449
1790 6975
387 1322
9212 6280
6163 2490
5396 9884
8788 3047
4055 2313
5030 4863
3353 7701
150 8692
2543 44
1768 7691
4893 9120
7677 4736
4351 9545
7619 6540
6110 4173
4479 5589
9712 7211
8712 5445
5450 8258
5453 8170
1274 6646
5412 9439
781 5551
5499 6751
9892 1649
3287 9795
3505 3037
7587 7569
3967 5098
6991 9658
4342 9863
240 5955
5979 8273
953 240
691 8366
6569 6379
3358 7613
4547 3522
5936 9615
4350 9630
4872 9838
2353 6007
1879 4317
2345 6261
1776 7520
6075 5322
2511 1121
3974 4921
9401 534
1198 9063
243 5901
1737 8739
6742 1044
2522 799
5717 57
6676 3102
6034 6619
5544 5433
2444 3229
5599 3727
9673 8505
1958 1916
1955 2016
814 4620
8745 4533
4570 2881
7305 17
7754 2488
8087 8553
3418 5847
6539 7402
2922 4846
9776 5359
6729 1523
4609 1704
157 8648
1364 4003
3873 8145
2469 2517
754 6532
9381 1237
3844 9050
410 817
9266 4813
6079 5305
7809 825
4448 6721
1491 91
4955 7394
5623 3071
260 5486
9249 5366
1755 8303
5675 1470
6188 1955
3842 9147
7677 4954
1466 887
6532 7684
136 9356
6779 36
712 7888
3293 9800
8731 5061
4634 1001
771 6070
129 9592
162 8570
4932 8158
3372 7365
3850 8934
2399 4765
6018 7271
5143 1626
648 9906
9239 5727
8749 4545
2962 3720
8051 9808
8722 5387
3300 9633
1488 272
9221 6314
3946 5996
677 9031
1250 7656
2844 7397
6204 1546
6157 3010
1874 4713
4614 1698
5462 8178
4601 2105
7793 1460
8126 7531
2538 540
6751 1013
4066 2328
7781 1856
7688 4745
4657 403
2427 3994
4042 3084
7140 5347
3932 6498
1493 188
7706 4196
7252 1885
2435 3757
6166 2786
9288 4315
7561 8696
7784 1787
1420 2466
3429 5725
9656 9303
7568 8500
4484 5799
4420 7790
4464 6423
2967 3681
8720 5565
7704 4288
7677 5131
3991 4707
689 8765
2489 2121
2978 3348
9656 9333
8223 4605
7028 8881
5200 11
4098 1408
2436 3778
3451 5080
5725 121
7780 1958
7262 1629
7083 7178
242 6264
6179 2445
8634 8264
434 317
7046 8340
2006 742
9386 1343
7788 1746
4455 6763
8768 4140
9348 2546
8825 2370
8354 593
3967 5520
8782 3710
6202 1780
188 7989
4015 4047
6687 3134
1216 8900
135 9644
7833 385
5992 8304
6734 1692
5945 9764
2532 881
4451 6927
5161 1306
7302 471
2933 4839
8348 822
5185 574
1992 1258
9671 8973
3840 9508
1270 7261
4381 9124
9757 6310
9676 8831
2329 7208
3416 6281
1464 1259
5675 1793
3334 8825
7174 4473
9918 1340
2429 4118
1242 8150
5537 6076
7567 8687
2454 3353
2247 9776
9869 2870
1862 5331
657 9921
4600 2381
688 8967
5544 5888
2879 6589
9935 853
6205 1799
3568 1627
3351 8357
3594 824
8173 6333
8129 7702
2331 7219
4972 7270
6756 1121
3477 4464
6521 8411
7743 3295
2971 3773
6041 6904
9748 6689
6653 4324
8099 8657
4084 2047
8226 4723
8772 4186
8749 4892
7699 4681
2035 39
1359 4612
9766 6141
141 9612
9193 7535
8347 993
8073 9485
5563 5381
4008 4436
7188 4159
4409 8389
7638 6600
7788 1950
8082 9227
2773 9966
8753 4808
925 1721
8170 6511
7148 5425
3402 6866
7284 1211
768 6603
9661 9445
1498 358
4047 3258
9885 2520
9902 1995
3618 191
7249 2327
6039 7073
1200 9625
5424 9755
6597 6167
3468 4859
9195 7546
1882 4885
9929 1185
3331 9122
6553 7546
3062 1085
181 8478
6722 2313
3387 7398
3401 6967
142 9693
1929 3450
3096 42
1755 8846
9216 6927
703 8691
4658 774
4930 8732
9650 9870
1894 4543
6785 376
6654 4444
1878 5044
7024 9362
4565 3671
9765 6314
8219 5088
8748 5081
6639 4918
4366 9851
6076 5991
3517 3413
3062 1136
6759 1214
6225 1391
7275 1607
7669 5785
4403 8727
6750 1505
8359 785
5518 6933
6030 7452
217 7430
4488 6100
7580 8555
6078 5972
1822 6835
5552 5892
9351 2818
3608 626
1315 6172
7746 3424
5663 2461
7643 6620
1891 4708
5627 3588
9354 2740
2358 6629
9927 1372
6547 7847
6726 2302
4096 1915
6759 1286
3579 1564
7557 9323
230 7084
304 4793
3841 9835
4489 6134
6770 959
1892 4721
3974 5715
4384 9391
1212 9424
4658 904
290 5240
2535 1185
9847 3893
6561 7459
5659 2650
7313 529
9310 4164
1918 3939
8343 1381
9215 7110
4942 8509
4917 9284
5131 2657
3355 8560
3019 2594
4613 2335
6195 2445
1897 4610
426 1060
4125 1082
8158 7136
4535 4766
849 4346
3324 9541
3367 8213
4120 1256
2028 576
4396 9090
5116 3157
380 2515
7267 2013
1968 2439
7112 6818
5473 8475
8701 6713
6746 1787
2801 9394
2341 7277
7231 3149
3545 2725
203 8025
9156 9016
7599 8126
1288 7162
932 1817
3615 567
3345 8936
1868 5575
8188 6264
3861 9333
8158 7200
9870 3281
3570 1974
906 2640
7156 5501
8740 5559
2269 9550
5157 1945
9330 3652
8746 5389
8908 369
679 9705
231 7211
4555 4238
860 4099
9366 2561
8758 5026
7106 7082
5053 5189
8278 3525
9763 6642
9792 5745
3962 6257
355 3388
342 3793
9811 5164
1977 2262
3326 9595
8604 9814
236 7082
7767 3001
233 7177
8813 3345
8754 5175
4002 5028
3869 9153
2324 7895
8171 6869
3107 10
1386 4213
978 478
7821 1336
6118 4984
5209 398
8153 7439
728 8236
1390 4099
9301 4615
3901 8181
5730 636
8663 8028
1239 8800
2015 1129
4063 3179
6649 4934
9264 5797
1757 9142
9964 495
6161 3699
8163 7171
9765 6667
1309 6655
4654 1266
1483 1268
9168 8797
5660 2862
7152 5760
1813 7431
3029 2504
437 939
1330 6028
7788 2441
2355 7025
3530 3367
6619 5916
5994 8911
1401 3837
8208 5813
6047 7272
1829 6957
9905 2372
774 6902
2562 630
930 2073
257 6553
1939 3565
4925 9301
9813 5229
1757 9210
5748 175
2937 5398
1763 9026
6189 2894
3899 8349
4505 5951
5723 961
4510 5793
1344 5642
9141 9694
5460 9126
9399 1707
1894 4983
2443 4354
2947 5116
5119 3322
8716 6501
2872 7445
3867 9373
3622 584
5158 2121
2409 5423
3548 2881
3903 8263
5209 544
9225 7121
936 1942
9286 5241
7619 7764
5531 6955
7076 8215
1851 6353
8670 7963
6623 5879
3493 4609
1466 1911
1455 2255
6613 6197
757 7512
2810 9408
9444 367
3073 1259
8697 7143
2378 6422
3476 5154
1873 5694
5695 1904
9274 5646
8268 4059
8834 2898
9749 7312
6175 3414
4955 8466
4084 2704
9816 5245
7602 8344
4592 3350
7086 7954
4119 1628
251 6851
6116 5259
6285 24
6725 2768
5182 1454
6051 7288
6204 2560
2825 9009
3431 6607
9455 98
225 7698
2512 2338
2981 4182
6273 450
3955 6771
8266 4203
699 9405
9696 9023
7819 1680
6163 3863
5614 4502
8194 6447
7588 8849
1862 6136
5755 144
4529 5381
3942 7195
9414 1414
5228 118
7791 2582
7163 5666
257 6766
5667 2894
3564 2553
1901 4956
3874 9332
9948 1262
8171 7198
2824 9119
6705 3496
4407 9204
4433 8402
8626 9493
3007 3457
3333 9734
3554 2886
6806 378
7058 8955
2516 2304
2502 2737
5684 2399
4402 9374
290 5778
7765 3429
7067 8682
282 6034
764 7477
873 4099
5040 5998
8287 3644
4995 7390
5481 8709
4579 3909
6796 717
9978 377
2010 1630
8338 2075
4158 583
2534 1775
9251 6540
6129 5028
9822 5244
991 473
4949 8851
4622 2602
891 3577
918 2741
9822 5250
5460 9395
1791 8450
8194 6567
4682 756
3911 8270
5102 4120
5161 2295
346 4105
8286 3726
6276 503
786 6861
5088 4578
5607 4871
9253 6539
5065 5294
1456 2483
769 7401
2033 994
7134 6707
5649 3595
970 1191
3887 9071
1350 5803
2916 6412
1261 8564
6698 3857
3570 2525
2454 4355
6140 4782
9358 3331
4053 3949
3593 1824
2420 5424
2920 6307
9719 8528
8769 5221
6615 6454
2426 5245
344 4264
2506 2784
8304 3268
4597 3500
3059 2028
4127 1694
2882 7526
5477 9000
1412 3945
4637 2276
8930 267
4686 767
325 4886
2010 1803
4599 3469
7207 4545
8911 877
419 1983
307 5458
5697 2210
7187 5172
7242 3466
311 5347
9877 3719
6101 6098
6000 9227
220 8185
5542 7041
6590 7330
9155 9733
6596 7148
7814 2167
8733 6449
8919 684
4054 4039
7305 1578
2872 7930
7703 5633
354 4078
5116 3911
8153 8074
2856 8442
1861 6518
7276 2491
5089 4759
6596 7198
3085 1348
9898 3144
2874 7896
8245 5232
7657 7083
3088 1266
5045 6137
6167 4129
6682 4546
6261 1212
884 4061
3586 2219
2331 8358
3616 1294
9732 8302
1955 3639
6825 130
4701 442
2005 2097
4050 4240
5512 8075
952 1982
9693 9547
8411 137
8155 8085
5728 1405
7637 7765
4096 2850
7845 1316
6088 6632
4967 8621
5526 7673
7042 9836
428 1879
4097 2830
2813 9871
8285 4077
4096 2867
5507 8279
9175 9267
2440 5057
3489 5309
1531 473
5682 2862
3473 5809
3413 7673
245 7576
9877 3893
6723 3371
9428 1447
710 9558
6696 4226
9358 3639
7345 509
1513 1084
479 372
5201 1451
2312 9087
1803 8486
3511 4691
423 2120
3966 6975
6580 7866
9332 4469
303 5846
3456 6408
2967 5185
7062 9310
8692 7937
7283 2465
6064 7483
3624 1205
5210 1199
9467 300
8325 2943
8773 5442
7863 878
2924 6533
6077 7097
9231 7635
7052 9650
9167 9615
4026 5156
9247 7142
7692 6202
1896 5663
9770 7333
8918 976
5198 1623
7754 4306
8333 2740
5233 542
8746 6334
7055 9600
6223 2628
1475 2359
4409 9713
2541 2086
4145 1517
8847 3206
6589 7672
9778 7127
9185 9132
5673 3319
4140 1692
2546 1956
1396 4839
2819 9880
3509 4876
1495 1776
4445 8634
3936 8030
9979 923
736 8934
5488 9081
2475 4185
4930 9998
317 5548
438 1797
1236 9829
9240 7463
2415 6054
6769 2158
833 5955
8118 9493
3635 1016
7635 8093
8821 4098
8765 5828
4478 7664
1489 2023
6262 1514
5738 1380
8933 641
6020 9022
1284 8381
7718 5540
6050 8094
