731 954
737 771
752 306
486 360
755 219
224 300
735 849
209 771
762 26
492 205
735 866
737 807
209 795
746 534
215 612
750 413
497 65
761 73
493 189
232 89
230 152
212 710
483 502
475 754
485 446
475 756
203 998
473 825
472 856
757 213
757 220
499 26
489 340
760 131
486 434
233 86
746 569
487 407
218 557
734 948
737 857
472 882
749 491
216 631
214 696
756 281
489 370
213 738
751 446
746 604
489 382
219 562
756 300
214 720
218 600
482 608
498 114
486 488
219 575
489 403
222 491
477 780
741 792
238 6
208 936
495 233
215 721
216 691
234 134
222 506
212 816
741 801
235 104
736 961
229 299
753 440
219 610
228 332
475 867
473 933
232 214
489 443
472 972
491 383
736 985
474 915
230 288
737 959
489 456
756 373
749 596
753 476
230 311
210 933
217 721
225 475
767 59
766 91
504 24
481 737
491 428
221 607
216 768
221 616
473 996
213 865
238 90
221 621
496 288
769 21
502 106
214 846
769 26
496 300
484 673
210 979
766 128
228 424
236 178
239 86
234 242
218 739
482 748
485 659
236 187
484 694
213 904
481 790
490 513
499 235
765 190
242 19
494 401
497 310
740 972
476 966
223 618
496 355
503 140
499 270
745 839
766 188
223 639
750 689
479 899
225 582
234 303
212 986
231 397
229 462
489 594
485 718
230 435
757 482
243 33
499 291
226 563
227 536
219 785
504 147
488 647
768 161
479 929
764 287
745 878
767 197
216 895
772 44
756 541
485 750
478 969
216 902
766 237
229 501
764 300
752 679
216 919
495 463
224 674
239 209
233 397
230 490
482 872
771 107
492 566
221 778
492 571
747 859
753 673
752 705
221 783
244 72
766 276
764 340
479 985
503 248
217 923
506 159
500 346
230 526
759 511
745 948
766 298
502 292
231 503
760 488
748 861
769 212
762 429
749 835
485 827
767 282
509 90
496 497
770 197
759 539
234 436
219 905
772 149
495 546
240 270
488 778
243 183
232 527
502 351
746 980
772 176
237 379
754 738
766 367
492 670
219 944
762 497
487 830
764 438
754 750
756 688
492 684
762 509
777 45
500 441
499 475
247 96
238 380
753 799
491 729
495 606
229 661
769 305
487 859
765 436
247 110
499 496
243 245
225 804
224 836
499 505
222 902
219 997
493 696
510 170
507 264
500 482
238 414
757 709
778 59
748 992
490 800
510 181
749 966
511 154
490 806
249 88
774 197
753 848
496 625
226 805
496 628
241 341
751 920
220 997
504 389
749 987
512 145
490 829
498 583
251 54
769 381
511 189
507 313
770 353
512 160
752 913
244 277
761 635
492 784
224 903
512 168
502 478
224 917
760 686
238 485
752 937
766 506
768 445
234 615
772 322
239 461
503 469
494 752
250 128
251 97
507 355
252 68
251 101
251 104
241 417
491 861
500 584
513 186
495 745
780 102
516 94
235 616
239 492
519 5
492 843
224 964
488 973
241 439
243 381
502 549
228 852
756 868
237 574
493 830
515 149
759 783
489 961
500 622
756 880
225 960
509 349
762 700
504 506
249 220
493 849
240 501
511 294
518 80
513 239
763 682
760 776
781 125
784 33
773 379
507 435
755 941
498 717
512 285
773 392
779 207
509 391
519 82
235 696
774 374
232 794
497 772
234 734
767 596
767 597
490 998
231 837
232 807
257 34
492 951
495 860
234 759
256 77
255 108
767 620
781 190
239 611
503 621
255 117
761 816
756 973
231 865
759 887
231 872
256 98
228 966
515 262
499 759
494 915
229 940
254 166
244 477
508 489
500 737
492 986
771 534
778 318
231 894
784 135
250 307
774 450
234 814
503 671
249 355
516 272
761 870
254 203
784 158
513 367
230 949
786 98
493 992
510 466
239 676
493 995
502 717
260 27
788 54
234 849
240 663
241 633
520 179
244 544
251 330
508 557
494 992
772 568
236 801
770 631
253 275
772 570
249 402
509 537
773 547
518 262
525 45
517 293
776 459
519 237
500 826
790 29
239 727
517 302
515 364
251 356
235 853
525 55
256 205
259 117
775 507
510 531
506 656
769 695
524 99
243 619
497 937
244 593
791 21
774 557
497 953
519 272
261 83
508 620
771 659
238 802
232 990
232 991
233 964
775 547
763 928
252 387
251 419
526 99
247 556
780 419
257 250
767 825
762 984
498 980
521 267
790 120
787 216
790 123
521 271
775 590
258 234
247 576
252 421
259 206
239 834
250 493
515 471
262 127
236 936
524 205
520 331
530 22
501 925
265 50
502 895
790 160
529 65
767 883
500 969
509 697
249 566
790 180
501 950
508 733
774 682
504 860
242 791
783 405
514 557
519 402
768 877
0 109
781 474
251 521
519 407
780 510
243 775
256 372
239 904
777 612
268 7
238 937
258 318
263 171
777 624
242 827
3 45
504 903
526 226
503 939
518 480
772 800
525 266
527 205
774 741
265 138
503 952
781 534
262 240
781 538
521 406
788 322
239 959
780 574
265 159
263 222
245 780
505 912
506 882
770 890
767 984
5 33
526 276
267 115
266 153
790 296
780 614
244 848
773 834
509 826
515 642
253 575
509 832
519 524
525 339
266 178
521 466
266 179
527 282
522 441
271 33
254 566
268 140
773 869
771 933
794 222
254 578
775 817
535 65
257 495
508 909
536 42
523 448
773 891
801 26
792 311
2 226
263 329
3 197
533 153
785 536
781 662
538 4
270 127
259 468
534 135
800 85
260 444
522 514
802 29
538 23
244 946
514 776
537 66
797 199
265 308
261 434
275 1
525 444
797 207
269 192
792 364
785 589
515 769
255 638
779 782
249 831
515 778
8 117
244 994
798 204
792 391
244 996
248 872
782 703
529 363
799 186
537 117
8 135
780 781
262 456
800 162
257 612
803 72
799 197
276 26
515 816
513 878
266 346
536 168
803 88
803 90
537 146
6 228
798 255
261 520
4 301
258 621
799 235
248 932
520 693
778 894
775 988
533 298
785 681
512 953
518 769
800 225
804 105
535 254
260 590
528 476
535 260
12 90
12 92
2 409
523 642
261 573
805 93
788 621
519 770
796 376
14 43
9 198
7 262
799 289
524 624
801 232
7 271
514 938
795 420
0 491
280 3
524 633
268 379
280 15
529 488
251 916
257 731
10 196
252 888
5 354
523 682
794 474
531 435
0 513
795 448
540 161
258 713
527 566
514 970
788 668
263 560
275 189
808 51
779 950
545 15
520 792
780 924
778 989
532 425
269 391
263 578
0 539
273 269
541 155
516 931
518 869
799 351
810 13
518 879
277 158
282 4
545 46
546 18
537 297
795 492
518 892
781 933
792 594
267 489
277 180
253 925
518 902
6 391
2 516
271 374
794 552
13 190
263 632
812 2
260 731
267 514
278 174
521 833
786 810
528 619
539 279
796 509
17 82
545 100
276 247
807 171
542 198
517 974
804 270
260 751
534 453
802 338
265 601
265 605
521 864
806 222
11 294
284 24
274 336
8 390
279 183
810 113
5 492
264 656
12 284
4 533
18 99
790 743
264 669
265 639
277 268
791 719
532 557
814 9
810 134
796 571
15 206
784 944
550 7
268 559
794 638
266 623
549 46
532 574
784 954
809 180
791 741
524 827
784 959
18 129
534 520
272 450
815 1
542 273
540 336
270 514
814 36
15 229
795 625
793 687
277 301
279 241
528 715
11 360
810 167
12 330
786 915
6 520
278 283
276 346
3 620
806 306
797 585
524 859
793 713
9 447
544 246
12 355
285 85
285 86
256 991
18 177
287 32
540 381
812 145
529 735
13 348
20 134
263 793
815 68
552 29
805 379
817 14
543 316
16 272
278 343
287 64
270 591
537 508
553 13
816 54
813 148
807 339
534 611
539 456
552 55
537 522
544 308
273 521
814 136
270 619
811 246
279 355
543 367
266 762
538 523
545 308
805 441
808 349
17 295
789 941
811 261
543 378
284 218
3 737
809 333
810 302
550 171
0 839
524 979
284 229
6 656
285 199
23 130
270 665
264 852
803 528
19 260
549 216
543 403
801 598
802 567
16 357
537 591
808 384
3 765
795 789
538 565
289 93
546 319
22 181
21 214
14 434
550 203
279 412
814 214
11 537
807 437
274 578
23 167
550 217
18 325
16 389
795 817
527 933
8 639
798 725
23 175
25 113
814 230
273 618
550 225
261 993
529 878
532 786
541 513
815 216
536 674
822 0
20 287
805 529
542 491
21 258
6 724
289 147
806 510
4 799
529 909
546 383
274 623
551 230
811 362
274 625
291 99
811 365
533 793
799 740
25 158
4 810
539 614
809 440
276 583
551 253
548 347
269 805
283 371
819 140
21 303
30 25
26 151
537 694
264 967
531 882
542 542
547 388
264 969
793 955
31 1
275 631
6 779
540 609
269 818
545 454
272 727
535 770
540 617
13 571
533 836
22 295
294 56
794 941
31 21
7 765
288 247
529 969
11 646
544 509
800 768
28 125
537 730
267 909
272 757
793 990
794 961
547 426
529 985
273 730
25 226
25 227
287 297
22 320
814 346
288 271
541 622
795 942
24 268
8 766
268 899
536 784
795 948
545 507
544 539
3 927
549 388
541 636
810 493
561 21
823 91
1 997
5 874
819 218
816 312
8 786
278 610
542 620
33 16
534 870
540 685
548 439
294 123
12 674
533 910
538 755
271 841
532 943
532 945
277 659
268 939
295 102
13 653
535 857
269 912
824 91
806 652
291 234
24 320
534 896
290 271
23 361
22 397
806 669
534 911
11 740
4 958
803 767
798 922
284 473
797 962
269 946
24 354
30 169
813 473
810 566
799 908
278 676
809 600
12 731
551 406
542 690
12 736
16 612
6 924
821 235
287 407
815 426
16 619
560 139
808 644
558 203
560 142
826 88
557 237
817 370
797 995
554 337
806 717
278 703
21 479
285 489
823 195
298 86
550 466
34 79
555 312
556 282
270 956
807 696
19 550
553 380
828 50
10 833
16 647
285 507
8 902
829 28
545 640
825 154
287 449
824 186
299 79
560 182
809 657
272 921
799 968
534 993
809 661
287 460
799 972
14 732
564 66
283 585
810 633
545 657
285 526
820 326
298 125
817 422
554 384
271 965
535 973
302 8
287 477
294 260
293 294
566 23
537 922
33 163
10 876
548 584
34 135
8 941
276 829
35 110
298 151
812 602
276 837
297 189
301 65
10 895
831 21
36 91
537 946
293 318
36 94
826 180
807 771
560 237
548 612
21 565
557 334
565 87
810 685
820 377
18 663
14 788
283 641
34 172
812 635
24 487
538 938
802 948
294 312
542 816
805 859
830 84
283 657
285 601
14 811
814 588
20 628
23 537
39 42
277 856
567 62
14 821
810 723
546 717
803 949
40 28
280 780
808 797
557 386
16 774
26 464
829 149
555 452
553 514
298 228
40 35
292 415
565 144
831 91
548 673
833 33
559 337
814 625
553 524
294 361
545 774
298 242
284 679
39 83
541 908
298 251
22 622
292 444
11 964
40 66
30 378
11 969
569 56
303 111
565 181
807 872
812 718
13 913
569 64
34 265
299 243
37 176
805 944
279 867
562 286
284 713
288 590
555 510
303 135
809 833
34 282
555 515
17 816
298 297
830 189
25 570
812 750
286 675
279 895
28 484
827 292
308 2
822 452
551 662
571 44
282 816
281 847
819 553
566 205
836 28
549 733
37 222
278 945
560 398
40 134
300 269
832 162
820 537
806 971
19 795
808 917
28 522
834 113
42 89
14 960
307 69
568 173
25 622
31 436
30 468
293 507
828 307
565 269
283 819
836 62
567 212
44 42
303 206
41 137
833 163
42 109
837 40
574 2
33 389
567 219
819 602
290 618
21 768
293 536
41 156
287 726
293 540
29 534
808 964
46 11
29 539
288 702
35 354
558 526
15 976
18 884
306 152
809 945
36 333
559 506
835 143
548 848
824 485
566 292
38 276
555 634
41 188
302 292
567 269
839 33
43 135
22 786
808 997
816 749
828 378
16 974
817 719
43 138
818 690
830 318
825 474
16 981
555 658
312 2
818 701
839 51
288 749
553 729
17 961
42 187
555 668
549 855
292 632
17 966
823 559
311 47
35 411
39 289
811 937
294 582
293 614
835 198
295 556
560 534
282 961
562 477
283 937
822 613
295 567
287 815
49 2
553 762
33 498
17 995
291 697
569 274
820 685
39 320
292 670
31 569
49 12
835 223
553 775
565 403
46 108
309 149
830 383
831 357
560 568
286 872
815 857
559 601
835 238
306 253
44 184
18 990
27 712
817 798
293 659
285 907
23 839
46 126
819 739
816 835
290 758
27 720
547 984
814 906
556 715
552 839
821 693
47 113
819 757
45 176
19 982
295 621
841 82
565 447
44 216
37 434
565 451
294 661
303 384
38 409
27 752
820 745
24 846
21 939
561 583
836 253
830 441
285 953
566 435
313 89
575 160
833 356
40 364
306 311
570 319
556 756
831 424
33 590
308 257
550 949
293 724
289 848
302 446
41 345
580 20
308 260
820 774
297 603
823 684
822 718
286 951
828 533
822 720
294 706
301 490
841 134
818 848
571 314
838 235
293 746
38 460
290 842
563 572
45 246
564 542
290 844
313 132
844 55
287 941
22 965
51 67
44 286
572 305
816 936
32 664
825 658
52 46
582 0
563 590
309 274
823 725
22 982
825 665
581 37
293 773
315 97
307 345
563 601
25 897
287 970
572 328
569 423
25 905
562 645
577 180
54 9
34 630
831 501
36 570
295 737
557 807
560 715
24 949
565 563
839 264
50 148
832 483
303 502
287 999
309 318
54 34
559 765
818 930
552 985
293 822
27 877
553 955
288 980
41 450
310 308
313 216
573 348
819 916
845 115
314 194
570 451
823 800
41 467
316 137
836 402
307 418
577 241
819 932
55 41
823 809
295 794
840 284
302 578
820 905
306 457
54 79
577 251
54 82
313 245
44 396
559 815
42 460
838 363
317 131
822 861
577 265
302 598
313 258
822 864
562 735
582 117
835 467
37 629
829 653
309 390
290 983
580 186
569 529
583 98
300 680
292 930
301 652
840 329
824 826
832 583
309 413
586 18
292 940
303 601
302 632
583 115
314 263
578 271
562 768
576 338
55 105
825 814
56 78
33 793
820 975
315 251
564 725
568 603
848 116
569 573
579 264
566 668
307 506
51 250
308 478
582 176
49 315
844 249
579 274
295 888
46 416
835 533
852 7
566 682
300 736
826 815
833 600
847 166
44 486
308 495
583 162
43 518
822 946
39 643
324 1
308 497
310 439
837 486
836 518
839 425
311 412
33 841
309 478
565 734
30 936
315 293
323 53
562 838
318 215
43 550
583 196
52 274
324 34
318 222
42 586
574 479
299 818
825 897
58 100
305 636
323 79
311 451
854 2
57 134
832 689
586 127
567 716
586 129
43 578
854 13
823 975
318 249
300 812
47 465
824 956
298 879
306 633
850 154
826 899
571 615
578 403
844 349
60 77
297 927
36 827
583 254
827 882
841 450
325 63
842 421
829 827
48 462
31 989
578 421
54 283
47 502
52 348
843 404
836 621
48 476
845 350
853 106
832 758
48 487
565 847
60 118
568 755
39 771
306 687
830 827
566 819
45 590
35 901
838 585
837 623
851 189
47 537
302 824
589 122
301 860
314 462
34 951
841 514
838 609
832 796
42 712
573 637
589 141
326 104
308 663
50 472
61 132
852 188
830 870
577 523
58 230
311 580
853 164
58 234
834 757
843 480
581 410
307 716
320 321
583 363
324 201
580 459
304 827
329 55
63 111
309 680
331 0
591 132
309 683
314 529
837 700
50 523
587 263
329 69
856 119
832 866
574 673
860 1
307 761
301 950
844 502
57 324
43 758
320 364
584 372
49 575
322 305
588 254
568 874
315 525
841 604
837 728
314 559
302 937
62 185
322 317
68 1
855 181
855 182
305 850
308 761
833 872
332 23
306 829
578 591
46 702
328 154
320 403
590 226
315 560
314 593
68 28
830 986
854 245
320 417
307 821
834 871
317 515
588 312
317 524
325 280
45 770
331 97
50 616
316 564
582 510
306 877
597 55
584 459
860 96
306 886
578 646
589 305
588 337
570 897
46 758
859 133
44 822
585 437
839 757
849 448
312 712
860 110
320 466
40 955
329 188
575 756
41 929
68 93
320 474
50 652
593 205
61 314
324 353
568 982
306 912
334 47
860 127
863 39
597 94
838 815
594 188
41 948
326 306
305 959
834 947
580 630
848 515
60 367
49 709
51 651
54 558
591 295
44 871
62 313
43 903
314 695
857 247
336 14
843 681
844 651
306 947
53 599
57 482
64 268
577 750
329 249
838 854
579 697
590 358
54 591
571 948
335 72
580 670
329 260
307 943
572 921
312 789
865 36
584 556
59 447
58 479
71 83
852 451
42 986
835 980
71 89
859 238
592 325
572 948
326 386
321 544
317 671
307 982
593 309
44 948
587 503
320 589
850 544
857 327
337 65
597 200
48 836
596 233
326 415
598 176
325 447
854 432
596 239
590 425
327 386
848 619
602 53
857 341
67 255
313 822
594 305
851 530
51 755
336 120
594 314
860 262
55 642
52 738
582 696
315 782
331 289
591 421
594 328
593 359
73 95
335 167
57 598
593 366
48 880
859 316
338 88
857 386
840 914
848 666
843 821
63 427
576 914
322 597
65 373
338 103
846 739
333 258
314 848
55 687
312 912
76 38
844 807
68 287
72 164
50 846
591 462
848 691
597 282
60 546
59 580
847 730
849 670
61 524
63 465
315 845
320 690
849 679
576 951
869 64
865 189
54 754
580 832
328 455
869 73
61 547
863 262
575 998
868 109
340 94
576 970
846 794
588 601
857 455
342 36
67 372
595 389
590 546
337 198
61 563
857 463
850 680
603 147
74 163
340 110
602 182
599 277
334 302
317 830
71 264
869 105
584 748
342 58
599 283
582 811
322 683
845 854
66 428
847 794
868 143
70 308
851 674
324 629
587 675
315 916
54 820
332 396
338 210
842 973
608 37
846 853
318 839
337 253
857 520
338 225
336 293
80 37
54 844
860 434
844 931
865 287
868 194
607 94
77 141
863 352
72 301
843 976
315 962
319 838
582 879
843 984
594 513
327 598
81 32
69 411
325 670
64 569
853 686
320 828
605 186
587 744
587 746
321 802
867 261
61 671
340 216
325 685
588 730
58 777
82 38
74 289
867 284
67 509
581 961
318 922
860 505
330 551
875 41
331 522
320 863
872 136
61 701
607 162
53 954
68 489
863 426
593 605
581 978
347 42
345 104
851 804
589 737
81 102
876 35
337 361
66 572
869 255
602 341
67 543
56 887
78 207
864 417
852 793
587 817
585 880
334 474
346 102
343 195
58 842
320 914
326 729
860 560
610 119
597 522
323 827
871 224
585 898
866 380
857 660
67 575
608 188
76 296
69 516
59 826
341 278
66 612
590 753
613 41
605 289
339 348
70 497
82 126
68 563
61 781
325 790
861 559
593 676
331 607
83 109
592 715
864 475
69 544
70 514
324 834
860 607
335 499
859 642
340 348
591 760
84 94
856 740
82 163
76 352
610 182
322 921
853 846
591 779
859 663
589 843
67 647
592 757
599 541
340 379
340 380
606 330
79 285
598 581
599 550
345 234
85 105
850 966
80 260
347 178
82 201
586 963
614 96
614 97
861 633
332 648
600 535
862 608
879 83
588 915
873 272
594 730
337 508
75 438
74 469
63 811
860 681
57 998
594 735
349 139
881 32
588 924
866 499
86 105
344 300
73 509
855 847
587 964
852 943
345 276
322 993
335 590
591 849
608 323
87 91
881 54
343 348
85 156
605 420
352 71
865 555
88 70
590 892
353 48
74 505
863 623
595 740
344 330
346 269
331 735
86 139
608 342
871 382
75 483
596 716
612 222
84 207
68 704
874 294
868 481
863 641
614 168
601 573
597 697
858 802
68 720
864 621
328 856
884 4
588 989
331 764
876 253
77 447
83 261
326 922
338 551
854 940
589 966
880 141
341 469
611 291
875 300
868 518
857 860
63 899
91 32
589 978
608 389
80 375
604 516
611 299
594 829
610 336
339 547
877 254
602 588
325 983
84 263
348 272
599 685
862 725
353 120
863 695
875 324
73 611
619 69
613 256
595 814
326 963
86 214
93 0
606 483
69 748
877 277
607 456
854 991
854 996
80 415
593 898
601 651
616 186
865 659
330 862
873 414
328 926
76 546
90 117
357 32
611 354
604 572
344 440
858 891
612 326
620 81
353 170
877 311
609 431
87 229
857 936
611 371
88 201
357 56
345 429
864 732
77 557
66 900
613 329
596 858
606 549
352 231
329 944
886 63
622 56
867 654
614 309
865 720
75 634
79 519
70 799
599 784
359 33
87 273
866 701
354 190
74 680
353 226
349 351
336 754
599 794
600 767
598 830
75 665
624 32
348 396
330 954
95 50
879 326
81 489
594 973
335 812
67 930
83 435
604 669
83 436
350 352
616 298
609 516
599 828
877 407
597 895
73 756
867 718
595 962
617 283
623 98
611 473
332 932
334 871
615 352
871 610
341 657
887 119
603 732
614 391
863 868
344 577
625 58
70 880
601 803
862 906
611 496
873 568
619 254
342 658
79 621
356 227
618 301
68 968
357 203
338 793
90 293
891 39
615 404
334 924
877 476
613 469
624 131
870 703
335 904
889 115
597 976
350 441
362 70
73 838
604 763
598 950
344 632
86 439
611 550
866 837
611 556
863 936
602 836
872 659
604 778
605 747
86 457
883 327
877 514
617 382
362 97
339 811
92 277
606 728
626 110
877 521
610 608
74 841
602 857
613 520
621 272
872 684
866 871
347 577
335 950
364 52
98 106
623 216
602 867
894 9
630 1
622 251
89 391
343 715
626 139
79 713
365 41
92 315
357 294
603 861
79 725
81 664
353 425
81 666
618 403
624 219
610 654
354 400
361 183
90 393
877 573
336 964
605 817
339 872
86 524
355 377
621 326
600 982
358 292
883 401
83 629
96 227
891 162
92 356
349 584
873 727
881 480
866 947
870 825
894 82
876 641
884 395
865 988
873 742
72 997
610 704
81 722
362 205
608 772
87 539
361 238
621 371
606 838
347 677
614 593
344 771
92 394
356 404
343 810
101 122
89 495
98 216
868 924
616 547
871 834
608 799
96 290
367 81
364 175
357 393
873 781
892 195
90 484
92 423
100 177
354 496
359 341
630 134
91 459
629 168
894 147
80 807
345 784
878 647
85 655
342 882
347 727
83 724
603 991
615 620
603 994
630 160
368 91
608 843
341 931
626 289
612 727
635 16
871 893
627 266
883 522
359 385
877 711
368 106
78 907
875 778
351 638
879 654
606 926
77 944
875 787
893 231
610 813
620 504
617 598
621 475
612 754
628 259
83 770
608 885
617 611
630 209
78 937
108 10
83 787
628 276
98 329
637 4
895 199
624 410
617 627
93 487
900 49
84 770
874 856
611 817
633 141
353 631
610 857
372 44
78 971
347 825
901 36
360 423
359 455
894 255
618 622
351 708
635 97
346 864
902 13
84 795
891 354
619 594
343 960
102 241
355 595
348 813
877 799
898 148
875 862
104 188
92 561
344 942
631 239
619 611
620 580
878 774
347 853
871 993
610 893
613 800
370 144
369 176
903 7
347 859
894 286
349 801
901 78
345 930
898 174
614 787
639 14
102 278
625 449
892 368
369 197
894 308
371 142
632 243
875 908
903 40
352 738
107 142
355 648
609 968
882 708
630 330
884 649
629 368
97 480
88 761
639 67
877 881
373 124
612 908
107 181
349 871
371 191
624 543
376 42
616 794
85 878
354 735
82 975
887 596
889 536
375 87
370 244
112 51
362 494
373 155
113 24
882 762
885 670
622 631
346 995
352 809
346 997
104 308
369 285
890 520
635 235
637 177
105 286
896 343
903 128
632 338
354 765
900 225
876 970
108 205
878 912
364 464
360 593
626 541
359 626
358 665
906 62
378 46
638 179
623 645
890 565
111 139
902 194
629 466
627 530
894 445
893 481
374 186
113 89
352 873
99 525
115 29
357 721
372 258
901 247
902 224
637 248
88 883
906 101
633 372
905 133
630 466
92 763
367 430
365 494
356 774
904 172
898 362
631 448
92 775
903 213
92 778
616 923
905 157
900 315
351 953
104 420
97 637
625 655
111 208
884 821
364 557
94 736
97 644
622 755
621 787
109 276
87 960
352 939
114 128
617 921
378 140
111 227
95 725
886 780
381 52
894 534
92 823
617 933
102 517
375 251
113 182
379 128
106 401
354 905
371 380
647 18
880 989
354 913
903 278
370 417
89 936
355 892
91 884
366 555
887 790
364 622
363 654
101 588
907 179
633 483
627 670
635 423
115 160
95 783
629 614
897 499
620 895
907 190
627 682
646 99
89 982
105 489
910 110
899 455
363 687
381 130
894 611
895 581
378 227
91 932
94 839
890 742
112 284
109 377
621 889
370 481
896 561
95 816
641 280
118 109
648 66
359 833
912 75
376 308
622 875
368 558
913 49
899 484
354 996
914 21
623 850
362 752
367 599
375 352
372 446
903 370
380 200
896 594
96 820
367 612
358 896
366 649
906 293
633 566
902 419
363 748
902 424
889 830
634 553
382 175
646 185
640 371
378 301
119 140
360 861
357 954
910 195
378 303
898 568
377 335
912 135
897 601
902 448
367 652
384 125
652 11
359 902
356 996
627 789
902 459
372 506
123 35
120 129
897 620
902 471
97 851
116 267
899 571
388 29
357 991
635 566
630 722
373 497
106 584
903 454
116 280
653 18
642 360
366 729
910 255
904 441
906 382
377 399
654 4
381 277
639 472
358 992
917 48
638 507
384 190
624 943
906 396
634 637
378 383
117 282
118 251
380 323
377 422
892 843
897 689
653 63
640 467
384 212
369 678
98 887
109 547
908 355
626 906
631 754
118 273
654 42
378 407
910 299
391 4
651 141
372 598
916 119
114 405
627 886
910 306
646 299
900 619
382 293
893 837
102 785
917 98
656 1
109 575
900 631
99 887
917 106
654 68
910 327
381 342
383 281
627 909
97 958
98 929
385 227
104 747
111 534
115 410
641 489
891 932
389 111
921 4
367 795
374 580
646 343
98 948
383 305
118 330
630 843
654 100
376 527
369 744
388 160
390 99
371 690
129 0
909 400
123 190
99 935
899 712
652 178
379 451
915 221
114 481
379 458
913 289
109 639
373 647
386 246
655 103
893 919
896 826
111 587
124 185
921 57
107 715
917 181
100 934
124 193
369 792
641 553
101 911
893 936
390 147
903 631
392 88
382 399
641 565
376 591
373 685
641 570
657 79
911 400
368 853
115 504
101 942
652 246
640 618
110 665
379 519
914 319
378 551
653 220
924 11
914 321
634 814
899 791
371 776
119 398
107 772
905 611
907 549
898 829
917 242
897 862
631 916
119 405
374 693
127 159
893 989
102 938
659 58
918 222
648 401
917 255
130 78
919 201
629 999
390 216
660 38
365 993
382 467
390 221
897 888
655 204
655 207
123 316
650 363
925 32
917 282
122 352
656 186
392 178
641 653
908 568
130 110
110 732
375 711
380 557
895 976
371 836
631 969
371 839
897 919
369 904
386 378
128 184
654 263
379 600
902 772
395 106
125 288
109 786
120 447
920 225
898 908
123 357
650 409
367 991
394 155
917 327
640 722
392 218
643 630
388 344
385 440
114 650
116 589
368 971
399 12
135 6
646 550
397 81
384 484
916 377
374 795
634 927
914 440
641 712
640 743
393 209
392 242
115 639
647 532
637 842
921 230
108 860
127 275
639 788
915 425
108 868
391 288
375 785
132 126
899 926
400 11
106 934
663 53
641 737
647 554
110 818
132 138
901 876
919 319
118 575
642 718
912 545
374 839
911 576
387 438
901 889
637 882
384 534
899 954
904 799
657 265
899 960
110 844
374 855
930 4
920 315
382 609
110 850
644 682
398 116
641 776
656 315
645 661
136 57
911 609
638 881
920 331
131 214
909 673
395 225
660 205
124 439
652 459
654 402
375 859
642 775
396 211
929 72
375 863
128 329
641 810
667 4
656 348
385 558
398 164
912 614
660 235
646 669
643 763
637 951
664 116
927 158
643 771
390 423
637 958
136 108
397 210
654 436
134 173
116 733
919 418
917 486
392 382
389 476
119 656
400 138
917 496
909 749
911 688
393 362
640 899
382 710
127 426
137 118
110 957
655 447
912 673
114 835
381 751
918 493
648 671
914 619
655 460
400 175
113 882
121 636
375 954
374 986
397 277
112 921
933 48
653 537
112 924
918 515
381 779
387 594
929 178
387 598
923 366
904 956
404 72
655 484
386 633
642 889
127 470
376 945
116 813
377 921
670 30
387 611
906 906
383 740
934 45
923 387
921 450
663 259
906 927
140 97
386 668
404 113
649 712
645 837
648 744
396 365
642 931
130 420
406 56
640 996
906 944
666 193
394 434
934 78
376 993
672 10
113 958
112 991
936 25
400 257
397 351
114 934
913 744
659 426
408 15
118 813
917 624
401 237
642 960
667 191
661 379
141 115
133 366
138 211
665 260
137 244
656 542
928 305
650 731
125 624
669 145
930 246
671 86
925 405
382 855
117 878
655 584
921 531
396 425
913 785
402 243
658 500
659 470
926 385
647 843
933 176
409 37
922 519
407 102
907 987
668 204
930 277
394 511
659 489
140 196
656 585
395 484
666 276
401 301
650 774
915 753
409 56
136 328
911 883
400 341
911 886
392 591
379 995
922 552
647 885
934 181
656 607
383 879
926 431
395 509
397 447
408 106
392 603
939 30
133 442
671 148
143 132
654 675
910 932
128 600
932 256
136 357
658 560
117 948
666 315
412 1
671 165
145 88
666 322
661 478
382 937
664 388
119 899
660 514
939 58
132 502
120 877
654 707
396 513
405 236
671 184
654 712
389 737
665 373
392 644
676 33
934 227
926 476
650 844
922 606
923 576
396 530
928 423
410 98
132 524
147 60
646 975
126 713
149 1
914 862
407 196
396 539
391 695
119 938
912 932
925 529
409 142
666 367
140 291
675 90
669 277
910 999
400 425
405 272
911 972
124 793
136 423
915 850
938 138
666 378
670 260
665 418
405 288
397 537
133 531
131 594
392 696
915 867
656 709
136 450
122 887
917 821
411 129
649 943
658 665
925 581
934 302
119 992
139 372
662 545
148 96
931 399
127 747
659 641
136 473
406 297
120 972
139 384
129 696
125 821
937 225
943 39
668 372
936 259
931 415
133 578
145 207
919 790
396 620
916 886
132 615
918 826
141 338
932 393
403 413
943 57
121 964
940 151
915 927
130 687
674 207
137 470
404 385
386 945
656 767
135 535
122 941
147 169
391 798
938 225
138 452
945 12
404 403
921 761
659 691
941 142
662 599
121 987
651 942
665 510
124 897
674 233
136 528
150 94
671 328
941 151
390 848
653 888
661 641
677 145
386 975
924 682
391 823
409 265
398 612
406 366
918 878
670 379
391 837
672 322
399 593
393 782
659 728
946 26
655 856
945 62
927 626
406 393
654 899
415 118
138 513
682 34
924 726
916 974
129 797
926 666
940 233
917 947
144 339
125 932
660 732
662 670
942 184
391 883
660 740
937 346
661 710
416 114
414 176
920 879
150 174
668 502
151 145
408 373
924 761
409 342
926 700
930 576
679 169
142 434
927 679
396 757
146 316
934 466
400 637
416 143
402 579
395 796
407 426
680 156
139 543
411 303
411 304
410 335
407 429
130 824
658 841
403 556
942 232
924 793
946 112
660 788
398 718
931 580
932 549
659 822
420 41
404 539
152 160
925 774
152 162
938 374
415 204
419 80
143 451
666 625
142 485
150 240
943 234
950 17
137 646
153 151
657 912
669 541
395 845
130 868
136 688
151 225
418 141
140 567
141 537
398 762
146 382
944 223
130 882
132 821
417 179
655 993
936 475
924 849
412 342
134 770
662 787
134 771
923 888
678 291
413 316
418 163
667 638
148 343
936 493
946 186
415 265
938 441
405 581
418 179
136 730
687 33
398 802
674 438
148 361
402 681
158 56
677 352
683 167
921 983
395 908
682 203
938 459
943 306
403 662
685 117
144 505
396 892
147 419
137 730
419 180
408 522
953 11
406 585
423 60
394 960
936 544
131 923
144 523
397 874
940 426
407 566
408 539
926 865
156 161
946 248
144 538
404 674
139 697
160 46
677 404
663 839
402 739
923 974
420 184
659 967
677 412
664 817
421 159
411 469
690 18
672 580
399 855
923 998
940 471
663 867
954 41
931 756
673 562
150 392
952 108
662 908
951 142
683 258
930 794
404 721
664 853
155 248
947 272
662 916
399 879
410 540
405 696
404 728
162 38
413 453
158 167
683 276
418 300
404 734
402 798
144 606
673 593
941 479
134 922
678 442
142 675
135 893
943 422
152 367
669 724
161 89
662 945
402 813
952 149
142 687
403 790
935 684
397 979
691 58
954 99
147 540
161 107
160 139
155 294
157 239
945 389
957 20
951 206
417 376
944 425
419 316
936 677
680 422
946 368
693 21
152 410
930 875
149 510
163 77
692 62
411 588
934 759
414 496
425 156
402 870
949 298
678 508
140 803
937 675
145 651
149 528
928 956
406 755
933 804
146 626
672 704
139 844
147 597
932 838
949 312
137 909
686 274
402 886
422 268
155 353
137 912
942 533
945 441
936 722
663 994
680 468
690 158
431 3
151 494
680 479
166 39
163 139
404 861
944 506
405 832
407 770
156 361
946 449
164 115
675 659
414 562
429 104
415 538
945 493
950 341
930 963
168 10
413 609
158 323
163 169
683 436
944 538
677 623
405 863
945 509
149 611
413 620
430 96
410 718
144 772
679 574
673 763
674 734
403 947
409 767
427 209
676 685
155 452
165 143
166 116
426 249
684 443
678 632
167 92
160 309
168 63
152 559
684 451
163 218
953 305
426 260
422 388
156 445
669 927
153 541
948 472
686 404
957 196
141 918
413 680
148 704
937 822
147 737
953 327
675 754
147 740
404 965
694 167
952 361
159 371
943 645
428 227
699 21
408 852
947 528
427 265
412 731
147 757
939 784
166 172
694 190
425 338
934 943
435 32
425 343
430 189
420 500
954 331
405 967
698 77
951 428
946 583
411 785
421 476
156 500
163 283
167 160
164 254
411 789
678 704
436 18
695 182
669 988
436 20
411 797
670 964
951 447
948 543
417 622
942 731
409 871
415 694
674 858
425 386
418 604
429 263
152 659
696 180
422 485
160 416
957 287
143 945
675 838
163 327
701 35
676 812
158 486
170 115
160 428
157 521
429 283
684 572
687 480
684 574
693 297
695 235
161 407
943 742
425 420
409 917
147 847
673 925
689 431
165 293
145 917
965 74
948 602
412 834
151 736
687 505
149 800
161 430
171 120
172 89
962 177
145 928
430 286
948 614
673 948
412 848
429 321
694 301
686 551
438 50
170 170
701 93
172 110
692 375
683 655
942 819
703 41
166 304
167 275
691 415
156 617
954 455
703 45
437 101
421 597
158 559
148 870
440 13
687 548
687 550
969 0
433 236
688 523
410 950
676 896
700 156
959 320
697 253
953 509
171 175
167 302
153 736
963 204
167 304
416 777
147 924
437 128
695 324
682 728
437 131
155 684
156 654
942 866
411 943
690 486
416 789
411 946
961 281
430 361
419 702
428 425
415 830
691 470
948 697
963 234
690 506
413 905
419 720
693 419
692 450
148 930
438 135
437 166
413 913
159 602
947 750
167 355
435 239
681 806
152 822
420 706
952 599
174 143
169 298
156 701
963 262
163 487
677 942
696 354
413 935
688 603
428 473
949 707
942 925
964 245
967 155
697 333
945 837
699 276
679 897
442 52
169 325
708 0
172 233
971 40
697 344
695 408
942 944
172 239
957 482
426 560
696 383
168 368
417 842
958 455
419 781
966 210
706 81
171 282
162 563
963 308
418 822
425 605
417 854
686 708
971 67
153 851
430 457
955 571
680 905
957 511
704 162
167 425
970 110
418 838
681 878
688 670
439 198
704 177
441 138
166 473
960 436
701 273
967 221
969 159
950 749
162 603
429 518
167 451
179 80
164 546
170 361
438 246
690 629
693 539
428 564
952 706
152 933
151 965
960 463
974 32
700 334
690 648
974 37
428 582
446 28
703 253
171 363
685 813
180 85
436 342
953 700
176 213
182 28
151 989
708 109
971 153
167 502
436 360
693 589
707 155
424 740
707 159
154 927
448 5
181 92
945 984
702 326
691 668
695 545
952 770
153 965
424 758
423 793
707 182
179 168
963 440
963 441
183 47
440 272
970 227
418 956
417 988
965 384
968 293
179 177
958 605
440 281
430 592
157 863
957 640
164 648
705 263
156 899
435 443
707 206
441 263
154 973
963 471
176 292
694 619
687 837
419 955
962 508
427 710
450 0
706 259
163 708
685 911
712 74
448 75
165 663
953 811
427 733
973 192
948 970
683 994
968 353
710 159
976 105
700 474
949 949
710 166
173 429
429 686
691 757
951 893
957 708
976 119
161 809
968 369
975 153
440 355
708 243
695 652
180 233
184 109
692 747
712 127
165 700
430 679
707 288
956 762
442 312
965 491
188 3
712 143
707 303
188 12
965 502
173 478
954 845
692 776
166 701
437 495
699 565
421 992
428 776
425 870
687 941
442 346
717 14
186 92
688 916
162 841
443 324
970 374
164 785
951 966
956 812
966 504
178 358
184 174
709 286
164 805
184 185
169 651
965 552
443 350
182 253
977 184
966 526
171 596
173 535
450 141
958 777
694 771
959 748
953 935
444 330
700 587
430 765
159 975
429 798
968 473
160 951
710 285
696 719
710 286
957 822
971 388
182 272
704 475
975 267
188 91
169 681
956 862
165 807
190 33
719 21
964 619
437 573
178 411
177 445
981 98
700 617
426 919
167 759
437 583
981 103
437 584
976 259
184 235
984 12
174 548
430 804
709 348
713 224
450 186
183 272
425 966
982 83
978 207
716 138
982 85
982 86
696 770
438 578
714 215
434 703
966 595
954 967
453 119
689 995
969 508
168 764
177 485
161 981
959 820
694 844
180 394
691 939
430 843
451 194
693 885
441 505
698 730
954 986
186 223
713 273
979 224
454 115
705 527
429 893
173 638
446 367
428 926
430 865
445 401
691 967
176 549
185 270
189 148
168 801
174 620
717 172
454 134
984 89
975 370
428 946
977 313
963 753
692 962
974 415
696 847
980 238
449 315
438 657
717 201
695 883
970 553
986 57
457 73
968 616
978 308
169 813
172 720
980 249
971 528
177 566
192 102
449 329
972 506
715 282
171 764
696 875
714 317
715 287
165 953
457 95
172 744
722 79
980 273
179 528
977 367
716 270
177 598
959 933
988 34
720 151
190 199
176 634
195 46
982 228
179 545
192 144
717 258
431 933
720 167
449 376
977 392
183 431
179 557
429 999
166 962
434 848
721 149
720 184
707 590
435 831
699 840
718 252
703 718
449 402
452 310
461 32
166 985
973 546
709 540
966 766
701 789
449 411
985 179
174 745
965 800
182 500
458 137
984 216
979 372
452 326
169 909
182 506
175 726
450 394
456 208
977 445
170 887
716 347
171 858
189 301
444 589
449 435
198 24
189 304
716 352
185 433
438 782
437 814
462 44
698 921
723 147
436 852
197 70
981 342
986 190
178 663
705 713
972 628
972 629
711 531
432 995
722 199
990 84
192 254
180 629
187 413
456 268
183 540
975 564
964 906
708 650
184 510
447 550
444 643
700 901
968 786
456 277
719 316
973 635
434 962
465 3
706 724
716 415
184 523
989 144
173 869
699 948
442 725
181 626
978 498
706 740
193 261
190 355
195 201
989 165
462 118
435 956
985 292
184 549
447 591
713 539
706 757
988 210
983 366
446 630
972 710
193 286
441 790
993 63
728 88
202 10
988 223
986 286
201 45
184 573
987 259
968 849
448 587
179 735
700 969
712 598
730 41
441 810
986 299
990 178
172 961
984 366
437 945
716 489
459 268
993 98
723 276
982 440
981 471
990 193
186 541
179 765
707 781
448 619
980 512
185 581
966 947
991 176
978 579
716 514
462 199
463 172
182 691
731 57
702 957
178 818
965 999
189 480
180 760
193 367
181 744
968 923
970 862
469 10
993 150
972 802
711 702
185 624
972 804
722 364
456 418
180 782
463 202
987 344
469 19
719 462
984 441
191 448
994 135
988 322
988 323
973 789
186 610
710 752
974 763
708 818
713 665
186 620
997 56
452 567
185 654
727 239
709 797
466 139
985 435
709 800
978 654
455 484
192 446
728 218
990 288
442 893
735 4
728 221
724 346
714 656
189 549
733 70
199 241
720 475
193 428
999 22
993 211
709 823
717 576
454 540
465 200
984 495
446 791
193 443
993 220
971 903
462 299
197 323
470 55
995 165
194 421
179 887
708 875
196 367
980 639
989 361
177 957
442 935
179 900
445 848
178 934
194 438
728 269
193 472
204 132
735 57
468 142
723 433
464 272
733 126
201 240
463 311
463 312
205 119
443 934
206 92
441 999
995 211
470 104
444 915
202 226
724 432
190 605
456 551
708 935
990 386
719 598
207 87
447 839
719 601
473 36
983 610
976 829
450 752
187 714
208 63
190 623
206 129
710 889
728 332
471 109
983 622
197 413
982 655
986 531
447 856
181 920
205 181
739 12
182 896
711 883
739 15
204 217
467 258
199 374
467 259
989 467
980 749
209 75
449 834
189 702
994 323
201 333
713 847
461 471
994 333
210 61
193 593
985 618
209 102
976 901
983 686
986 594
455 673
207 171
453 738
448 895
741 5
467 307
987 572
467 312
192 647
190 710
459 564
737 141
465 383
205 252
999 218
710 990
192 664
456 673
198 479
982 751
713 901
735 222
453 772
461 525
183 952
453 774
727 475
468 314
197 529
976 957
996 341
461 543
466 388
195 597
713 924
982 777
205 289
736 214
721 679
197 540
994 410
989 568
471 242
191 732
987 633
197 548
978 913
191 735
452 836
726 536
736 234
185 934
450 913
204 347
471 267
719 774
200 479
724 619
986 695
197 578
194 675
453 838
477 95
724 631
210 183
720 758
990 581
197 589
993 490
479 41
991 554
474 200
984 775
718 831
977 996
479 50
986 724
721 753
190 831
744 42
214 89
994 488
479 69
726 605
474 225
464 538
450 974
198 594
728 551
745 25
206 353
722 743
742 124
205 388
462 614
191 824
979 976
731 472
201 519
726 633
721 789
721 790
732 450
462 628
206 373
460 695
195 719
727 613
204 444
187 972
187 973
218 13
461 675
212 204
218 19
722 782
985 822
984 855
737 323
216 90
454 904
725 699
723 761
474 291
197 687
217 68
467 512
208 362
463 651
456 868
737 358
746 83
989 743
453 976
202 565
458 822
744 149
992 653
472 391
737 369
463 673
993 629
456 893
454 956
471 430
739 316
467 556
725 751
482 94
738 356
996 550
204 528
982 989
991 711
214 222
739 334
744 179
479 204
467 581
214 234
197 762
473 400
749 36
481 155
210 366
198 738
209 399
987 858
197 774
731 607
457 913
219 99
724 835
477 302
201 667
748 96
216 204
746 159
466 650
722 908
735 507
996 609
461 812
738 418
200 712
214 280
745 209
472 484
995 656
988 879
211 395
474 437
205 587
197 836
470 566
738 453
463 786
201 717
217 221
992 773
750 84
987 931
733 613
465 731
732 646
740 400
480 269
986 967
216 261
752 31
200 761
472 522
732 657
221 122
736 543
220 156
738 483
747 207
471 576
206 599
462 857
479 330
725 900
464 800
462 862
222 111
988 941
735 594
738 503
997 667
748 197
724 941
987 980
204 678
463 844
733 669
472 568
195 967
746 270
473 541
211 475
220 196
221 166
750 153
202 760
470 648
223 114
730 782
224 85
218 271
203 737
752 103
734 661
998 671
204 709
726 913
200 835
216 340
998 675
206 654
223 127
202 779
999 650
486 175
744 370
462 921
478 426
484 242
472 614
200 854
467 772
726 935
483 279
226 55
727 915
748 266
489 105
993 865
465 853
730 831
732 773
469 736
753 126
997 756
481 369
215 423
209 610
732 781
212 522
469 750
487 193
466 844
750 235
213 501
732 798
743 458
475 577
745 399
473 642
225 140
216 424
992 944
225 147
746 382
473 653
732 819
466 873
473 657
227 93
476 567
217 407
993 927
474 643
740 590
475 614
734 779
731 873
486 279
227 117
744 477
735 756
474 657
740 603
209 681
756 108
475 631
228 98
208 718
475 633
487 262
223 255
491 140
750 309
493 86
201 947
214 544
758 64
999 788
729 967
495 29
748 379
757 100
481 466
994 952
729 975
489 224
480 504
734 824
215 530
211 660
748 405
994 971
214 576
465 990
217 487
751 318
212 644
744 538
471 812
478 598
994 987
227 190
